BASE_YM,HNDE_BANK_RPTV_CODE,OPENBANK_RPTV_CODE,FND_TPCD,TRAN_AMT
202107,155,127,0,113690000
202107,155,111,4,60000
202107,155,159,4,300000
202107,155,105,0,164070000
202107,155,114,0,86799000
202107,155,156,4,15416000
202107,155,106,4,300000
202107,155,120,4,899000
202107,155,146,4,880000
202107,155,135,0,4374000
202107,155,147,0,349033000
202107,155,137,0,3305301000
202107,155,106,0,565523000
202107,155,117,0,41402000
202107,155,115,4,3800000
202107,155,140,4,754000
202107,155,154,4,17028000
202107,155,107,4,5952000
202107,155,145,4,5570000
202107,155,104,4,51539000
202107,155,103,4,36865000
202107,155,151,4,42572000
202107,155,122,4,3330000
202107,155,136,4,2370000
202107,155,125,4,4360000
202107,155,123,4,500000
202107,155,161,0,10152000
202107,155,133,4,350000
202107,155,157,4,1570000
202107,155,144,4,35722000
202107,155,102,4,72689000
202107,155,159,0,1286144000
202107,155,101,4,100658000
202107,155,112,4,432467000
202107,155,153,4,24070000
202107,155,118,4,54162000
202107,155,141,4,270264000
202107,155,130,4,33023000
202107,155,113,4,564765000
202107,155,129,4,3718306000
202107,155,143,4,203243000
202107,155,142,4,437809000
202107,155,100,4,1328806000
202107,155,134,4,2518523000
202107,155,148,4,2013035000
202107,155,152,4,3260717000
202107,155,116,4,112128000
202107,155,110,4,286382000
202107,155,138,4,37173000
202107,155,132,4,75448000
202107,155,150,4,927862000
202107,155,111,0,454675000
202107,155,126,4,401445000
202107,155,109,4,430143000
202107,155,149,4,2585343000
202107,155,160,4,4449914000
202107,155,131,4,551513000
202107,155,144,0,163453961000
202107,155,104,0,100621551000
202107,155,138,0,13377567000
202107,155,156,0,10788766000
202107,155,115,0,56090017000
202107,155,123,0,965808000
202107,155,116,0,17783421000
202107,155,125,0,1419655000
202107,155,118,0,69256300000
202107,155,103,0,223413148000
202107,155,112,0,274653247000
202107,155,110,0,283404069000
202107,155,153,0,186160216000
202107,155,109,0,255092513000
202107,155,126,0,273891551000
202107,155,132,0,68533740000
202107,155,101,0,3571734000
202107,155,151,0,168270161000
202107,155,148,0,568316453000
202107,155,100,0,217883590000
202107,155,134,0,709089163000
202107,155,141,0,77070929000
202107,155,154,0,35536004000
202107,155,131,0,335440215000
202107,155,129,0,1701850383000
202107,155,152,0,915765286000
202107,155,113,0,205043711000
202107,155,102,0,93637767000
202107,155,142,0,475985051000
202107,155,149,0,1095559119000
202107,155,160,0,903838984000
202107,155,140,0,1446726000
202107,155,143,0,170429992000
202107,155,150,0,682559132000
202107,155,130,0,13746453000
202107,155,136,0,6656427000
202107,155,157,0,1860057000
202107,155,120,0,1082461000
202107,155,122,0,15855639000
202107,155,146,0,622246000
202107,155,145,0,151297000
202107,155,107,0,8180908000
202107,155,133,0,2576627000
202108,155,120,4,899000
202108,155,149,0,1017755880000
202108,155,152,0,946833478000
202108,155,109,0,246349754000
202108,155,150,0,613382444000
202108,155,132,0,90140813000
202108,155,142,0,416374314000
202108,155,112,0,272186623000
202108,155,151,0,138453764000
202108,155,156,0,12433918000
202108,155,141,0,84058083000
202108,155,127,0,118426000
202108,155,128,0,478000
202108,155,123,4,500000
202108,155,105,0,122236000
202108,155,133,4,350000
202108,155,122,4,3330000
202108,155,106,4,300000
202108,155,111,4,60000
202108,155,159,4,300000
202108,155,146,4,880000
202108,155,157,4,1770000
202108,155,133,0,3176665000
202108,155,125,0,2266676000
202108,155,145,0,228324000
202108,155,146,0,623396000
202108,155,141,4,299694000
202108,155,142,4,515714000
202108,155,112,4,445747000
202108,155,150,4,998564000
202108,155,116,4,133020000
202108,155,154,4,21978000
202108,155,129,4,4070074000
202108,155,109,4,469270000
202108,155,143,4,295197000
202108,155,134,4,2782199000
202108,155,100,4,1414400000
202108,155,152,4,3514612000
202108,155,118,4,54822000
202108,155,101,4,103475000
202108,155,120,0,1347326000
202108,155,125,4,2060000
202108,155,103,4,21463000
202108,155,115,4,4050000
202108,155,156,4,14396000
202108,155,159,0,1907234000
202108,155,101,0,3517133000
202108,155,118,0,266009570000
202108,155,110,0,199979119000
202108,155,126,0,241261883000
202108,155,103,0,75488305000
202108,155,100,0,226252489000
202108,155,123,0,1130898000
202108,155,131,0,337175227000
202108,155,154,0,56029565000
202108,155,129,0,1549402200000
202108,155,113,0,233821680000
202108,155,148,0,564937431000
202108,155,160,0,918993095000
202108,155,134,0,750647734000
202108,155,140,0,1262497000
202108,155,153,0,74364598000
202108,155,104,0,79081467000
202108,155,143,0,237777965000
202108,155,130,0,12964235000
202108,155,144,0,57723348000
202108,155,107,0,3057393000
202108,155,157,0,2005725000
202108,155,102,0,93017965000
202108,155,147,0,449362000
202108,155,116,0,19180715000
202108,155,138,0,12734103000
202108,155,115,0,7489836000
202108,155,107,4,6542000
202108,155,161,0,7330000
202108,155,137,0,3073709000
202108,155,110,4,299264000
202108,155,117,0,4361211000
202108,155,106,0,807594000
202108,155,136,4,3770000
202108,155,135,0,11147000
202108,155,148,4,2177709000
202108,155,140,4,759000
202108,155,160,4,4844333000
202108,155,126,4,422479000
202108,155,111,0,1215906000
202108,155,102,4,82811000
202108,155,138,4,43042000
202108,155,144,4,30267000
202108,155,151,4,49305000
202108,155,132,4,90482000
202108,155,104,4,54399000
202108,155,131,4,623224000
202108,155,130,4,33499000
202108,155,149,4,2971965000
202108,155,113,4,594315000
202108,155,145,4,7120000
202108,155,153,4,29670000
202108,155,136,0,60168908000
202108,155,122,0,20921921000
202108,155,114,0,331239000
202109,155,105,0,94481000
202109,155,159,4,300000
202109,155,111,4,60000
202109,155,136,4,3730000
202109,155,125,4,2060000
202109,155,106,4,300000
202109,155,158,0,19896000
202109,155,123,4,510000
202109,155,146,4,850000
202109,155,157,4,1570000
202109,155,122,4,3330000
202109,155,161,0,20000
202109,155,133,4,350000
202109,155,120,4,899000
202109,155,145,4,6620000
202109,155,135,0,33200000
202109,155,122,0,1205702000
202109,155,111,0,739539000
202109,155,140,0,1208772000
202109,155,137,0,3654560000
202109,155,145,0,163254000
202109,155,147,0,541870000
202109,155,101,0,6314883000
202109,155,133,0,16698095000
202109,155,159,0,585542000
202109,155,146,0,782257000
202109,155,115,0,86521236000
202109,155,103,0,135766874000
202109,155,120,0,1030259000
202109,155,123,0,829224000
202109,155,109,0,322323714000
202109,155,142,0,470234998000
202109,155,102,0,110694175000
202109,155,126,0,215221385000
202109,155,151,0,109641313000
202109,155,154,0,70222462000
202109,155,116,0,15481513000
202109,155,144,0,140076596000
202109,155,110,0,268986693000
202109,155,148,0,618702202000
202109,155,131,0,327757193000
202109,155,107,0,1363461000
202109,155,136,0,59589534000
202109,155,143,0,276932050000
202109,155,125,0,7957577000
202109,155,117,0,27486000
202109,155,157,0,9881800000
202109,155,138,0,9591358000
202109,155,132,0,102324974000
202109,155,150,0,686103770000
202109,155,160,0,928237018000
202109,155,129,0,1673136281000
202109,155,113,0,230065120000
202109,155,141,0,102647483000
202109,155,156,0,15735283000
202109,155,130,0,13745492000
202109,155,104,0,115313578000
202109,155,153,0,82586042000
202109,155,118,0,208275569000
202109,155,112,0,231930618000
202109,155,152,0,1013424269000
202109,155,149,0,1133782153000
202109,155,134,0,788980320000
202109,155,100,0,229015378000
202109,155,106,0,6580723000
202109,155,113,4,591058000
202109,155,149,4,2761134000
202109,155,127,0,36139000
202109,155,114,0,149903000
202109,155,129,4,3951296000
202109,155,116,4,123476000
202109,155,110,4,280830000
202109,155,132,4,94058000
202109,155,153,4,26075000
202109,155,104,4,53696000
202109,155,107,4,6482000
202109,155,156,4,13099000
202109,155,142,4,489772000
202109,155,143,4,249152000
202109,155,144,4,29222000
202109,155,152,4,3442716000
202109,155,100,4,1352681000
202109,155,101,4,99100000
202109,155,134,4,2830356000
202109,155,126,4,407276000
202109,155,151,4,51145000
202109,155,130,4,39394000
202109,155,154,4,20108000
202109,155,112,4,436646000
202109,155,160,4,4754410000
202109,155,102,4,127601000
202109,155,138,4,39552000
202109,155,109,4,453308000
202109,155,141,4,308900000
202109,155,150,4,1020381000
202109,155,148,4,2106190000
202109,155,131,4,578907000
202109,155,115,4,3030000
202109,155,140,4,744000
202109,155,103,4,23410000
202109,155,118,4,54182000
202110,155,123,4,510000
202110,155,135,0,9042000
202110,155,111,4,60000
202110,155,159,4,300000
202110,155,161,0,540000
202110,155,105,0,163415000
202110,155,120,4,699000
202110,155,125,4,2060000
202110,155,157,4,1770000
202110,155,133,4,350000
202110,155,147,0,716567000
202110,155,145,0,106657000
202110,155,120,0,903730000
202110,155,111,0,1057036000
202110,155,114,0,120504000
202110,155,159,0,747626000
202110,155,101,4,101366000
202110,155,106,0,527967000
202110,155,160,4,4429609000
202110,155,113,4,604455000
202110,155,129,4,3654043000
202110,155,148,4,1942838000
202110,155,109,4,423443000
202110,155,138,4,35812000
202110,155,154,4,16798000
202110,155,149,4,2587743000
202110,155,127,0,28054000
202110,155,116,4,108802000
202110,155,144,4,26079000
202110,155,136,4,3230000
202110,155,103,4,18641000
202110,155,102,4,77553000
202110,155,151,4,42625000
202110,155,141,4,279314000
202110,155,104,4,56021000
202110,155,112,4,399395000
202110,155,122,4,2480000
202110,155,110,4,261543000
202110,155,126,4,395255000
202110,155,143,4,196268000
202110,155,131,4,558749000
202110,155,152,4,3175450000
202110,155,100,4,1294810000
202110,155,150,4,948574000
202110,155,142,4,447445000
202110,155,134,4,2529150000
202110,155,118,4,50622000
202110,155,125,0,1039481000
202110,155,104,0,79861609000
202110,155,146,0,995039000
202110,155,141,0,91626380000
202110,155,131,0,346390207000
202110,155,103,0,45843143000
202110,155,109,0,267042321000
202110,155,126,0,263371065000
202110,155,137,0,3363635000
202110,155,116,0,15128558000
202110,155,151,0,67680508000
202110,155,133,0,1538468000
202110,155,110,0,171985559000
202110,155,154,0,27273076000
202110,155,148,0,553792196000
202110,155,129,0,1537814400000
202110,155,134,0,731889998000
202110,155,118,0,143838892000
202110,155,149,0,999711885000
202110,155,152,0,942172914000
202110,155,160,0,913917217000
202110,155,150,0,601203407000
202110,155,139,0,37467218000
202110,155,112,0,232156639000
202110,155,100,0,227573887000
202110,155,153,0,13762808000
202110,155,113,0,241925356000
202110,155,123,0,801305000
202110,155,156,0,22561316000
202110,155,101,0,4849984000
202110,155,136,0,95025580000
202110,155,140,0,1916286000
202110,155,122,0,1228731000
202110,155,117,0,6752700000
202110,155,107,0,1935490000
202110,155,132,0,96930861000
202110,155,157,0,3000962000
202110,155,138,0,8108092000
202110,155,142,0,244223310000
202110,155,115,0,4035406000
202110,155,130,0,11466036000
202110,155,143,0,247001639000
202110,155,102,0,86474883000
202110,155,144,0,41060621000
202110,155,132,4,82178000
202110,155,153,4,31805000
202110,155,130,4,41455000
202110,155,107,4,6482000
202110,155,145,4,6820000
202110,155,106,4,300000
202110,155,115,4,2910000
202110,155,140,4,763000
202110,155,139,4,3600000
202110,155,146,4,780000
202110,155,156,4,14598000
202111,155,106,4,300000
202111,155,159,4,300000
202111,155,111,4,60000
202111,155,133,4,350000
202111,155,139,4,33640000
202111,155,123,4,600000
202111,155,120,4,699000
202111,155,157,4,1770000
202111,155,105,0,150732000
202111,155,125,0,2091068000
202111,155,159,0,669160000
202111,155,109,4,515663000
202111,155,142,4,541341000
202111,155,131,4,705486000
202111,155,150,4,1121606000
202111,155,122,0,698274000
202111,155,145,4,7120000
202111,155,102,4,85878000
202111,155,125,4,2060000
202111,155,112,4,471077000
202111,155,118,4,60482000
202111,155,144,4,35016000
202111,155,143,4,348922000
202111,155,127,0,70898000
202111,155,138,4,43062000
202111,155,120,0,1266457000
202111,155,111,0,1176699000
202111,155,133,0,4622450000
202111,155,132,4,93007000
202111,155,141,4,306040000
202111,155,100,4,1500043000
202111,155,130,4,68138000
202111,155,147,0,726901000
202111,155,126,4,448230000
202111,155,151,4,51245000
202111,155,101,4,107060000
202111,155,154,4,17678000
202111,155,113,4,660586000
202111,155,129,4,4449930000
202111,155,152,4,3808837000
202111,155,134,4,2970365000
202111,155,148,4,2350938000
202111,155,160,4,5410567000
202111,155,149,4,3151200000
202111,155,153,4,39259000
202111,155,156,4,16913000
202111,155,116,4,133387000
202111,155,103,4,28609000
202111,155,146,4,16150000
202111,155,110,4,324006000
202111,155,114,0,189079000
202111,155,135,0,2200000
202111,155,106,0,743847000
202111,155,122,4,2480000
202111,155,137,0,4530428000
202111,155,161,0,680000
202111,155,115,4,2950000
202111,155,140,4,843000
202111,155,117,0,225546000
202111,155,136,4,4160000
202111,155,104,4,64310000
202111,155,107,4,9022000
202111,155,145,0,249256000
202111,155,102,0,74256049000
202111,155,151,0,29870857000
202111,155,116,0,14219598000
202111,155,138,0,8402192000
202111,155,118,0,128038676000
202111,155,115,0,19944316000
202111,155,126,0,265879573000
202111,155,142,0,335310763000
202111,155,131,0,367237608000
202111,155,141,0,113319269000
202111,155,140,0,1644135000
202111,155,144,0,84961292000
202111,155,110,0,234380574000
202111,155,150,0,698246894000
202111,155,100,0,236883456000
202111,155,149,0,1122769172000
202111,155,134,0,871680188000
202111,155,160,0,1029288478000
202111,155,103,0,143398247000
202111,155,148,0,653738504000
202111,155,104,0,123570960000
202111,155,152,0,1027147172000
202111,155,146,0,658147000
202111,155,107,0,2254255000
202111,155,132,0,113660861000
202111,155,113,0,245363287000
202111,155,143,0,248131621000
202111,155,139,0,56031466000
202111,155,129,0,1767846565000
202111,155,109,0,349442879000
202111,155,112,0,300675330000
202111,155,156,0,24235149000
202111,155,154,0,31843591000
202111,155,153,0,25186895000
202111,155,130,0,13497177000
202111,155,123,0,691736000
202111,155,136,0,54898180000
202111,155,101,0,3687864000
202111,155,157,0,2815712000
202112,155,133,4,350000
202112,155,137,0,4987193000
202112,155,149,4,2928969000
202112,155,113,4,624242000
202112,155,150,4,1013312000
202112,155,153,4,28895000
202112,155,152,4,3531470000
202112,155,131,4,616575000
202112,155,148,4,2241026000
202112,155,143,4,262741000
202112,155,144,4,30271000
202112,155,142,4,504693000
202112,155,130,4,71175000
202112,155,112,4,439767000
202112,155,118,4,59498000
202112,155,126,4,418744000
202112,155,129,4,4101019000
202112,155,127,0,56076000
202112,155,154,4,22403000
202112,155,151,4,50145000
202112,155,139,4,29030000
202112,155,102,4,81391000
202112,155,101,4,96665000
202112,155,122,4,2880000
202112,155,104,4,65336000
202112,155,123,4,600000
202112,155,115,4,3080000
202112,155,114,0,98372000
202112,155,147,0,563363000
202112,155,132,4,84222000
202112,155,100,4,1455474000
202112,155,134,4,2761753000
202112,155,157,4,1770000
202112,155,106,0,486413000
202112,155,135,0,4100000
202112,155,117,0,20621038000
202112,155,156,4,15676000
202112,155,116,4,119811000
202112,155,160,4,4992034000
202112,155,109,4,547527000
202112,155,141,4,288770000
202112,155,140,0,2894245000
202112,155,107,4,7932000
202112,155,145,4,5770000
202112,155,138,4,38012000
202112,155,136,4,3860000
202112,155,110,4,305905000
202112,155,103,4,27145000
202112,155,105,0,18047000
202112,155,125,4,2060000
202112,155,161,0,790000
202112,155,159,4,300000
202112,155,140,4,1039000
202112,155,120,0,841374000
202112,155,104,0,126152942000
202112,155,149,0,1150465496000
202112,155,134,0,862892917000
202112,155,150,0,731070586000
202112,155,148,0,675490748000
202112,155,139,0,58786660000
202112,155,142,0,324190360000
202112,155,138,0,9451396000
202112,155,126,0,232743192000
202112,155,131,0,339478256000
202112,155,146,0,807823000
202112,155,112,0,278321331000
202112,155,110,0,224410193000
202112,155,141,0,116651004000
202112,155,103,0,37791716000
202112,155,151,0,26748721000
202112,155,156,0,14967550000
202112,155,102,0,62316559000
202112,155,107,0,2863565000
202112,155,101,0,5896445000
202112,155,154,0,28008863000
202112,155,152,0,1097517638000
202112,155,144,0,32024796000
202112,155,153,0,15785498000
202112,155,100,0,272141943000
202112,155,130,0,17233214000
202112,155,125,0,1240125000
202112,155,159,0,1078835000
202112,155,115,0,4380840000
202112,155,122,0,935869000
202112,155,145,0,287803000
202112,155,157,0,5388637000
202112,155,111,0,628999000
202112,155,133,0,2647189000
202112,155,123,0,654000000
202112,155,113,0,249769838000
202112,155,129,0,1669913757000
202112,155,132,0,103280139000
202112,155,116,0,16179109000
202112,155,109,0,302742132000
202112,155,160,0,1129284938000
202112,155,136,0,5585086000
202112,155,118,0,34135771000
202112,155,143,0,322569886000
202112,155,146,4,1100000
202112,155,120,4,699000
202112,155,111,4,60000
202112,155,106,4,300000
202201,155,146,4,2620000
202201,155,106,4,300000
202201,155,161,0,1870000
202201,155,128,0,589000
202201,155,123,4,600000
202201,155,122,4,2880000
202201,155,139,4,21460000
202201,155,159,4,300000
202201,155,120,4,899000
202201,155,111,4,60000
202201,155,105,0,4933000
202201,155,133,4,200000
202201,155,157,4,1570000
202201,155,114,0,171347000
202201,155,106,0,69213051000
202201,155,117,0,358255000
202201,155,137,0,4449485000
202201,155,145,0,166418000
202201,155,122,0,3169485000
202201,155,104,4,53302000
202201,155,140,4,989000
202201,155,135,0,3420000
202201,155,154,4,20005000
202201,155,103,4,28635000
202201,155,101,4,85430000
202201,155,118,4,62870000
202201,155,138,4,32102000
202201,155,115,4,1760000
202201,155,112,4,387588000
202201,155,120,0,1033912000
202201,155,157,0,6742500000
202201,155,129,4,3546945000
202201,155,110,4,261345000
202201,155,131,4,521498000
202201,155,109,4,417476000
202201,155,141,4,261392000
202201,155,152,4,3247037000
202201,155,148,4,1966644000
202201,155,160,4,4464489000
202201,155,107,4,5432000
202201,155,127,0,33349000
202201,155,148,0,685517633000
202201,155,100,0,261606860000
202201,155,113,0,261895901000
202201,155,110,0,346725270000
202201,155,160,0,1051170333000
202201,155,149,0,1246815053000
202201,155,150,0,666711793000
202201,155,143,0,214486155000
202201,155,112,0,373834040000
202201,155,136,0,158692190000
202201,155,115,0,11946320000
202201,155,118,0,109359905000
202201,155,138,0,9321752000
202201,155,144,0,56598861000
202201,155,147,0,799010000
202201,155,151,0,39824190000
202201,155,139,0,83220967000
202201,155,156,4,15164000
202201,155,103,0,64452887000
202201,155,111,0,557318000
202201,155,125,0,1870442000
202201,155,156,0,99527196000
202201,155,154,0,31010182000
202201,155,146,0,756025000
202201,155,107,0,2148730000
202201,155,159,0,798850000
202201,155,104,0,119728978000
202201,155,116,0,16121786000
202201,155,101,0,4262569000
202201,155,126,0,201221137000
202201,155,153,0,263919807000
202201,155,109,0,271370023000
202201,155,131,0,325735164000
202201,155,141,0,117825470000
202201,155,142,0,386743245000
202201,155,132,0,89456524000
202201,155,152,0,1053781027000
202201,155,134,0,854234039000
202201,155,133,0,7378506000
202201,155,102,0,80850780000
202201,155,130,0,23528343000
202201,155,129,0,1890106602000
202201,155,142,4,418127000
202201,155,132,4,75438000
202201,155,153,4,27295000
202201,155,130,4,77619000
202201,155,125,4,2260000
202201,155,151,4,46695000
202201,155,145,4,6330000
202201,155,144,4,29211000
202201,155,136,4,3390000
202201,155,102,4,74615000
202201,155,113,4,636158000
202201,155,143,4,209119000
202201,155,149,4,2598757000
202201,155,100,4,1352890000
202201,155,150,4,940701000
202201,155,134,4,2462789000
202201,155,126,4,362647000
202201,155,116,4,88915000
202201,155,140,0,16636428000
202201,155,123,0,790768000
202202,155,161,0,580000
202202,155,117,0,4348845000
202202,155,106,0,967941000
202202,155,123,4,500000
202202,155,149,4,3213559000
202202,155,148,4,2417381000
202202,155,152,4,3930393000
202202,155,134,4,3055507000
202202,155,160,4,5629148000
202202,155,141,4,352119000
202202,155,116,4,114576000
202202,155,126,4,421674000
202202,155,131,4,674754000
202202,155,107,4,5789000
202202,155,144,4,30901000
202202,155,156,4,19450000
202202,155,112,4,477543000
202202,155,151,4,49554000
202202,155,143,4,309843000
202202,155,110,4,345208000
202202,155,130,4,93375000
202202,155,101,4,116710000
202202,155,132,4,85524000
202202,155,113,4,680429000
202202,155,109,4,532084000
202202,155,102,4,88540000
202202,155,150,4,1166189000
202202,155,100,4,1626238000
202202,155,129,4,4510618000
202202,155,137,0,4057582000
202202,155,112,0,236625531000
202202,155,104,0,98250614000
202202,155,109,0,217863879000
202202,155,110,0,216524366000
202202,155,102,0,70282005000
202202,155,100,0,242657701000
202202,155,130,0,16116215000
202202,155,103,0,35316515000
202202,155,160,0,979635759000
202202,155,152,0,944630339000
202202,155,118,0,38321693000
202202,155,154,0,29579796000
202202,155,111,0,570117000
202202,155,133,0,2078669000
202202,155,101,0,3849360000
202202,155,125,0,3210458000
202202,155,151,0,24313621000
202202,155,141,0,86343122000
202202,155,126,0,198607288000
202202,155,143,0,280499160000
202202,155,113,0,248479760000
202202,155,132,0,78260842000
202202,155,149,0,1155681477000
202202,155,134,0,834298054000
202202,155,139,0,79141163000
202202,155,116,0,14570042000
202202,155,106,4,300000
202202,155,125,4,2260000
202202,155,135,0,6400000
202202,155,159,0,663406000
202202,155,140,0,822103000
202202,155,145,0,98816000
202202,155,105,0,12762000
202202,155,150,0,592117978000
202202,155,148,0,580641341000
202202,155,129,0,1585889382000
202202,155,131,0,266001889000
202202,155,142,0,216062678000
202202,155,146,0,782235000
202202,155,156,0,23888323000
202202,155,136,0,72915860000
202202,155,138,0,47893015000
202202,155,153,0,21249239000
202202,155,122,0,2428646000
202202,155,120,0,788037000
202202,155,157,0,3009556000
202202,155,144,0,88363376000
202202,155,115,0,6884855000
202202,155,123,0,789392000
202202,155,107,0,1625240000
202202,155,127,0,8335000
202202,155,146,4,1070000
202202,155,157,4,1770000
202202,155,103,4,30517000
202202,155,140,4,991000
202202,155,138,4,41585000
202202,155,115,4,5400000
202202,155,145,4,6000000
202202,155,122,4,2480000
202202,155,136,4,4590000
202202,155,159,4,300000
202202,155,111,4,60000
202202,155,118,4,67702000
202202,155,114,0,129918000
202202,155,133,4,230000
202202,155,139,4,18401000
202202,155,153,4,35768000
202202,155,154,4,25475000
202202,155,120,4,699000
202202,155,104,4,70617000
202202,155,142,4,545671000
202202,155,147,0,355940000
202203,155,115,4,3480000
202203,155,104,4,65457000
202203,155,153,4,34343000
202203,155,151,4,50154000
202203,155,133,4,230000
202203,155,157,4,1570000
202203,155,122,4,2480000
202203,155,107,4,8891000
202203,155,105,0,349512000
202203,155,120,4,699000
202203,155,154,4,21375000
202203,155,146,4,1120000
202203,155,127,0,188027000
202203,155,156,4,19605000
202203,155,140,4,1361000
202203,155,161,0,1850000
202203,155,103,4,29903000
202203,155,145,4,5000000
202203,155,135,0,5000000
202203,155,120,0,1301770000
202203,155,125,0,9510850000
202203,155,114,0,82267000
202203,155,145,0,66074000
202203,155,117,0,173777000
202203,155,116,4,105884000
202203,155,110,4,322406000
202203,155,136,4,3090000
202203,155,139,4,96495000
202203,155,144,4,41085000
202203,155,160,4,5277535000
202203,155,118,4,70159000
202203,155,101,4,120115000
202203,155,109,4,511922000
202203,155,141,4,352918000
202203,155,148,4,2259073000
202203,155,106,0,699384000
202203,155,140,0,1244140000
202203,155,137,0,5135370000
202203,155,133,0,6704715000
202203,155,147,0,272171000
202203,155,138,4,37023000
202203,155,112,4,468679000
202203,155,126,4,393487000
202203,155,100,4,1566418000
202203,155,152,4,3719581000
202203,155,129,4,4513420000
202203,155,102,4,90108000
202203,155,150,4,1149824000
202203,155,113,4,774865000
202203,155,143,4,273527000
202203,155,131,4,606140000
202203,155,142,4,510256000
202203,155,132,4,79907000
202203,155,130,4,60975000
202203,155,149,4,3096690000
202203,155,134,4,2833835000
202203,155,103,0,87764074000
202203,155,101,0,4659973000
202203,155,144,0,28546855000
202203,155,104,0,90007427000
202203,155,142,0,367290245000
202203,155,143,0,313162320000
202203,155,148,0,614845825000
202203,155,157,0,10340645000
202203,155,152,0,1037439365000
202203,155,102,0,63844003000
202203,155,118,0,45338305000
202203,155,156,0,58635684000
202203,155,116,0,12820603000
202203,155,110,0,244881306000
202203,155,141,0,109385484000
202203,155,126,0,221773732000
202203,155,139,0,116415013000
202203,155,115,0,12462426000
202203,155,153,0,25048528000
202203,155,151,0,35492505000
202203,155,123,0,1068416000
202203,155,123,4,500000
202203,155,128,0,1340000
202203,155,159,4,300000
202203,155,111,4,60000
202203,155,108,0,3000000
202203,155,125,4,2260000
202203,155,106,4,500000
202203,155,159,0,896104000
202203,155,138,0,8869033000
202203,155,130,0,17201484000
202203,155,154,0,31706428000
202203,155,122,0,6332362000
202203,155,113,0,267573974000
202203,155,160,0,1172568853000
202203,155,129,0,1824631454000
202203,155,149,0,1443361774000
202203,155,150,0,736838690000
202203,155,100,0,298658834000
202203,155,111,0,1409006000
202203,155,146,0,883470000
202203,155,112,0,253459374000
202203,155,132,0,95951566000
202203,155,109,0,252114138000
202203,155,131,0,331336862000
202203,155,136,0,5654279000
202203,155,107,0,1789954000
202203,155,134,0,839607271000
202204,155,105,0,57926000
202204,155,159,4,300000
202204,155,120,4,699000
202204,155,111,4,60000
202204,155,123,4,500000
202204,155,135,0,14428000
202204,155,133,4,230000
202204,155,136,4,2590000
202204,155,115,4,3510000
202204,155,107,4,12401000
202204,155,146,4,1150000
202204,155,161,0,2890000
202204,155,122,4,2480000
202204,155,139,4,104992000
202204,155,106,4,300000
202204,155,125,4,2260000
202204,155,127,0,12010000
202204,155,114,0,219232000
202204,155,100,4,1603949000
202204,155,148,4,2162820000
202204,155,101,4,118310000
202204,155,129,4,4223259000
202204,155,149,4,2948614000
202204,155,109,4,469766000
202204,155,130,4,56843000
202204,155,147,0,442450000
202204,155,106,0,1934398000
202204,155,137,0,5337975000
202204,155,157,4,1770000
202204,155,103,4,29165000
202204,155,117,0,265715000
202204,155,132,4,79006000
202204,155,142,4,484725000
202204,155,154,4,20558000
202204,155,126,4,370547000
202204,155,113,4,702641000
202204,155,160,4,5040593000
202204,155,152,4,3563493000
202204,155,110,4,325041000
202204,155,116,4,95324000
202204,155,104,4,63297000
202204,155,138,4,29659000
202204,155,118,4,67491000
202204,155,102,4,87089000
202204,155,131,4,552888000
202204,155,145,4,6200000
202204,155,151,4,42528000
202204,155,140,4,9861000
202204,155,156,4,20177000
202204,155,133,0,1139946000
202204,155,143,4,255779000
202204,155,150,4,1060981000
202204,155,112,4,445687000
202204,155,141,4,302672000
202204,155,144,4,39785000
202204,155,153,4,33910000
202204,155,122,0,4703721000
202204,155,134,4,2696737000
202204,155,145,0,95313000
202204,155,120,0,2160688000
202204,155,125,0,4189522000
202204,155,130,0,15233571000
202204,155,111,0,833175000
202204,155,101,0,5320807000
202204,155,138,0,7791095000
202204,155,104,0,82964979000
202204,155,139,0,128976047000
202204,155,131,0,307771247000
202204,155,109,0,301565994000
202204,155,110,0,249212334000
202204,155,148,0,632616657000
202204,155,159,0,345396000
202204,155,157,0,3062022000
202204,155,115,0,4476049000
202204,155,153,0,17670944000
202204,155,144,0,27780077000
202204,155,154,0,31895579000
202204,155,156,0,12005558000
202204,155,118,0,137029443000
202204,155,102,0,52838385000
202204,155,142,0,441778028000
202204,155,132,0,85786199000
202204,155,126,0,220536094000
202204,155,112,0,264555832000
202204,155,143,0,230393571000
202204,155,152,0,974489640000
202204,155,160,0,1083359270000
202204,155,141,0,116891896000
202204,155,100,0,311376901000
202204,155,134,0,844050423000
202204,155,107,0,1250616000
202204,155,136,0,5646853000
202204,155,123,0,630702000
202204,155,103,0,33006192000
202204,155,116,0,14526064000
202204,155,146,0,992489000
202204,155,149,0,1153009829000
202204,155,150,0,681257408000
202204,155,151,0,27431841000
202204,155,113,0,256434380000
202204,155,129,0,1726410181000
202204,155,140,0,1858426000
202205,155,122,0,648836000
202205,155,145,0,37182000
202205,155,147,0,1110282000
202205,155,137,0,6530588000
202205,155,122,4,2480000
202205,155,146,4,1150000
202205,155,161,0,1360000
202205,155,120,0,3289815000
202205,155,107,0,1326496000
202205,155,140,0,1022815000
202205,155,133,0,1731184000
202205,155,159,0,453712000
202205,155,114,0,140815000
202205,155,117,0,322253000
202205,155,145,4,6200000
202205,155,105,0,37592000
202205,155,139,4,65724000
202205,155,142,4,604358000
202205,155,110,4,377464000
202205,155,109,4,548377000
202205,155,154,4,23291000
202205,155,129,4,5182277000
202205,155,150,4,1263697000
202205,155,152,4,4237998000
202205,155,104,4,88896000
202205,155,116,4,117751000
202205,155,126,4,439495000
202205,155,102,4,109724000
202205,155,103,4,33063000
202205,155,112,4,543571000
202205,155,132,4,88401000
202205,155,131,4,707698000
202205,155,118,4,67836000
202205,155,143,4,330221000
202205,155,138,4,46979000
202205,155,113,4,828852000
202205,155,149,4,3524370000
202205,155,148,4,2626061000
202205,155,134,4,3257765000
202205,155,160,4,6008125000
202205,155,100,4,1773118000
202205,155,153,4,34430000
202205,155,101,4,122700000
202205,155,156,4,21956000
202205,155,136,4,3660000
202205,155,144,4,49050000
202205,155,107,4,11721000
202205,155,115,4,2300000
202205,155,133,4,230000
202205,155,151,4,45933000
202205,155,157,4,1570000
202205,155,108,0,20300000
202205,155,130,4,75043000
202205,155,140,4,5861000
202205,155,141,4,413757000
202205,155,136,0,49217505000
202205,155,151,0,46833114000
202205,155,118,0,31158174000
202205,155,159,4,300000
202205,155,111,4,60000
202205,155,123,0,864368000
202205,155,115,0,7357126000
202205,155,112,0,309694678000
202205,155,139,0,137935425000
202205,155,148,0,716197038000
202205,155,125,4,2260000
202205,155,106,0,707120000
202205,155,127,0,7435000
202205,155,135,0,9255000
202205,155,103,0,32892763000
202205,155,130,0,16341720000
202205,155,120,4,699000
202205,155,106,4,300000
202205,155,146,0,1171135000
202205,155,104,0,104244914000
202205,155,143,0,262928009000
202205,155,138,0,7583833000
202205,155,131,0,337338129000
202205,155,109,0,259977369000
202205,155,102,0,67744214000
202205,155,126,0,249388053000
202205,155,141,0,134191122000
202205,155,113,0,277512284000
202205,155,150,0,740761071000
202205,155,142,0,391219469000
202205,155,152,0,1084168826000
202205,155,160,0,1183848170000
202205,155,110,0,266399782000
202205,155,149,0,1208835168000
202205,155,129,0,1892038960000
202205,155,100,0,323625959000
202205,155,134,0,842544513000
202205,155,144,0,20555983000
202205,155,101,0,4740758000
202205,155,156,0,8478924000
202205,155,132,0,98079661000
202205,155,154,0,24967405000
202205,155,153,0,18399359000
202205,155,116,0,12256506000
202205,155,111,0,1513205000
202205,155,157,0,3186682000
202205,155,125,0,1914250000
202206,155,117,0,921730000
202206,155,145,0,34166000
202206,155,137,0,4689074000
202206,155,141,4,377869000
202206,155,149,4,3418762000
202206,155,150,4,1289789000
202206,155,101,4,142225000
202206,155,160,4,5774085000
202206,155,148,4,2459637000
202206,155,129,4,4726479000
202206,155,134,4,3000210000
202206,155,109,4,532586000
202206,155,126,4,418659000
202206,155,133,4,230000
202206,155,106,0,887557000
202206,155,131,0,317671900000
202206,155,110,0,300429463000
202206,155,112,0,333535613000
202206,155,100,0,330196036000
202206,155,160,0,1148269693000
202206,155,118,0,37642245000
202206,155,111,0,1055131000
202206,155,143,0,275563491000
202206,155,151,0,60321886000
202206,155,153,0,24048586000
202206,155,126,0,223722499000
202206,155,148,0,749847589000
202206,155,142,0,379428097000
202206,155,157,0,3381582000
202206,155,107,0,1854077000
202206,155,149,0,1306449812000
202206,155,141,0,122920056000
202206,155,115,0,4045868000
202206,155,103,0,59488880000
202206,155,138,0,8914985000
202206,155,136,0,47829208000
202206,155,140,0,3320182000
202206,155,120,0,3407818000
202206,155,122,0,1799643000
202206,155,132,0,106728168000
202206,155,129,0,1843233827000
202206,155,113,0,283640580000
202206,155,139,0,146769575000
202206,155,140,4,5685000
202206,155,157,4,1570000
202206,155,122,4,2480000
202206,155,146,4,1150000
202206,155,150,0,730795905000
202206,155,134,0,859237982000
202206,155,146,0,1293539000
202206,155,123,0,793826000
202206,155,125,0,1343220000
202206,155,156,0,20306498000
202206,155,104,0,107670468000
202206,155,101,0,8451108000
202206,155,152,0,1106174174000
202206,155,116,0,13516000000
202206,155,144,0,62614313000
202206,155,109,0,274482427000
202206,155,102,0,94330810000
202206,155,154,0,26871205000
202206,155,130,0,19555442000
202206,155,133,0,1930747000
202206,155,159,0,1372294000
202206,155,145,4,5750000
202206,155,111,4,660000
202206,155,120,4,699000
202206,155,106,4,300000
202206,155,159,4,300000
202206,155,161,0,280000
202206,155,116,4,109518000
202206,155,113,4,1057421000
202206,155,142,4,555172000
202206,155,110,4,374570000
202206,155,144,4,140330000
202206,155,130,4,146559000
202206,155,104,4,76825000
202206,155,105,0,239320000
202206,155,135,0,16364000
202206,155,115,4,3590000
202206,155,114,0,144261000
202206,155,136,4,3160000
202206,155,107,4,12721000
202206,155,127,0,50535000
202206,155,125,4,2460000
202206,155,103,4,28379000
202206,155,156,4,23066000
202206,155,138,4,37819000
202206,155,147,0,1261938000
202206,155,118,4,61243000
202206,155,154,4,18441000
202206,155,102,4,152727000
202206,155,132,4,159289000
202206,155,143,4,315930000
202206,155,153,4,39145000
202206,155,151,4,52342000
202206,155,112,4,498526000
202206,155,139,4,217357000
202206,155,100,4,1749942000
202206,155,131,4,712225000
202206,155,152,4,3900918000
202206,155,123,4,122000
202207,155,106,4,100000
202207,155,128,0,204000
202207,155,133,4,230000
202207,155,132,4,119515000
202207,155,142,4,511606000
202207,155,139,4,591881000
202207,155,126,4,396788000
202207,155,118,4,75283000
202207,155,153,4,37443000
202207,155,103,4,26620000
202207,155,101,4,113297000
202207,155,130,4,41860000
202207,155,154,4,25611000
202207,155,144,4,40690000
202207,155,110,4,336346000
202207,155,107,4,10201000
202207,155,123,4,132000
202207,155,104,4,71587000
202207,155,109,4,525851000
202207,155,141,4,321268000
202207,155,112,4,482823000
202207,155,152,4,3837726000
202207,155,149,4,3488258000
202207,155,148,4,2349723000
202207,155,150,4,1207463000
202207,155,160,4,5403259000
202207,155,143,4,233140000
202207,155,116,4,91479000
202207,155,113,4,1456957000
202207,155,117,0,2840514000
202207,155,106,0,2578121000
202207,155,111,0,1800227000
202207,155,143,0,213954100000
202207,155,100,0,350853230000
202207,155,134,0,815256098000
202207,155,129,0,1994422063000
202207,155,112,0,311268584000
202207,155,149,0,1185414297000
202207,155,160,0,1105685177000
202207,155,150,0,669382509000
202207,155,131,0,286041113000
202207,155,141,0,134312441000
202207,155,109,0,272622429000
202207,155,126,0,186518333000
202207,155,146,0,927864000
202207,155,110,0,293262855000
202207,155,132,0,95916005000
202207,155,101,0,10467527000
202207,155,157,0,1626149000
202207,155,130,0,33168159000
202207,155,115,0,18546488000
202207,155,107,0,1585398000
202207,155,137,0,5136713000
202207,155,140,0,2362698000
202207,155,123,0,475946000
202207,155,125,0,859442000
202207,155,138,0,10647292000
202207,155,156,0,8485960000
202207,155,104,0,99087123000
202207,155,144,0,73521085000
202207,155,116,0,13581277000
202207,155,103,0,64385432000
202207,155,142,0,348545811000
202207,155,102,0,91044309000
202207,155,154,0,17647874000
202207,155,151,0,27069647000
202207,155,146,4,1150000
202207,155,161,0,6880000
202207,155,157,4,1570000
202207,155,108,0,19000000
202207,155,114,0,112748000
202207,155,105,0,193603000
202207,155,127,0,15639000
202207,155,129,4,4758629000
202207,155,102,4,211417000
202207,155,115,4,4560000
202207,155,131,4,615260000
202207,155,138,4,31572000
202207,155,125,4,2460000
202207,155,151,4,46352000
202207,155,140,4,5495000
202207,155,145,0,52577000
202207,155,120,0,2725094000
202207,155,159,0,595888000
202207,155,133,0,3937824000
202207,155,113,0,291046480000
202207,155,152,0,976269266000
202207,155,136,0,83633316000
202207,155,139,0,179666578000
202207,155,148,0,672946659000
202207,155,147,0,922771000
202207,155,118,0,34143018000
202207,155,153,0,62656733000
202207,155,122,0,2653461000
202207,155,136,4,3630000
202207,155,100,4,1683412000
202207,155,134,4,3020052000
202207,155,156,4,30489000
202207,155,120,4,699000
202207,155,159,4,300000
202207,155,145,4,5900000
202207,155,111,4,660000
202207,155,135,0,1104000
202207,155,122,4,2480000
202208,155,111,0,483718000
202208,155,146,0,946467000
202208,155,102,0,111140485000
202208,155,136,0,5100173000
202208,155,144,0,19835467000
202208,155,153,0,16450090000
202208,155,130,0,49248439000
202208,155,126,0,231127004000
202208,155,157,0,3428998000
202208,155,141,0,139340853000
202208,155,160,0,1118945596000
202208,155,134,0,845369071000
202208,155,113,0,332221684000
202208,155,139,0,173609014000
202208,155,142,0,425504867000
202208,155,152,0,1121341035000
202208,155,112,0,355809837000
202208,155,131,0,289229339000
202208,155,109,0,287479535000
202208,155,150,0,673292332000
202208,155,110,0,235368564000
202208,155,159,0,824673000
202208,155,100,0,325499321000
202208,155,101,0,10760950000
202208,155,118,0,26732963000
202208,155,104,0,105047214000
202208,155,103,0,26132021000
202208,155,138,0,6679230000
202208,155,156,0,29847999000
202208,155,154,0,20518330000
202208,155,125,0,2255456000
202208,155,133,0,1308425000
202208,155,151,0,18752328000
202208,155,115,0,2819704000
202208,155,116,0,13056967000
202208,155,123,0,748034000
202208,155,132,0,85882362000
202208,155,140,0,1408881000
202208,155,120,0,1877490000
202208,155,148,0,709237902000
202208,155,143,0,243558543000
202208,155,145,4,6500000
202208,155,129,0,1902699036000
202208,155,107,0,1841837000
202208,155,149,0,1308271945000
202208,155,106,4,200000
202208,155,123,4,132000
202208,155,117,0,1916328000
202208,155,127,0,27949000
202208,155,122,4,2430000
202208,155,147,0,498299000
202208,155,137,0,4716897000
202208,155,122,0,799072000
202208,155,146,4,2050000
202208,155,133,4,4246000
202208,155,111,4,769000
202208,155,159,4,300000
202208,155,120,4,299000
202208,155,157,4,1570000
202208,155,105,0,177155000
202208,155,143,4,332624000
202208,155,104,4,94464000
202208,155,136,4,5160000
202208,155,130,4,35684000
202208,155,125,4,2460000
202208,155,154,4,26241000
202208,155,131,4,776072000
202208,155,102,4,157199000
202208,155,113,4,1147735000
202208,155,161,0,8560000
202208,155,150,4,1347916000
202208,155,145,0,26320000
202208,155,115,4,4520000
202208,155,140,4,5415000
202208,155,101,4,145785000
202208,155,138,4,45552000
202208,155,153,4,52633000
202208,155,139,4,371784000
202208,155,103,4,38341000
202208,155,118,4,62108000
202208,155,156,4,20579000
202208,155,142,4,619699000
202208,155,132,4,109904000
202208,155,112,4,519177000
202208,155,116,4,107477000
202208,155,109,4,587807000
202208,155,141,4,442177000
202208,155,126,4,454770000
202208,155,100,4,1946262000
202208,155,134,4,3303680000
202208,155,148,4,2885547000
202208,155,152,4,4409918000
202208,155,160,4,6607522000
202208,155,149,4,3838345000
202208,155,129,4,5269370000
202208,155,144,4,55180000
202208,155,151,4,48552000
202208,155,107,4,8599000
202208,155,110,4,402273000
202208,155,135,0,5400000
202208,155,114,0,103280000
202208,155,106,0,2368131000
202209,155,128,0,8970000
202209,155,123,4,122000
202209,155,105,0,204818000
202209,155,157,4,1570000
202209,155,101,4,138272000
202209,155,118,4,70439000
202209,155,131,4,694413000
202209,155,122,0,1191140000
202209,155,107,4,6701000
202209,155,161,0,300000
202209,155,122,4,2480000
202209,155,120,4,299000
202209,155,145,4,6250000
202209,155,130,4,39817000
202209,155,110,4,377455000
202209,155,142,4,577585000
202209,155,116,4,95994000
202209,155,138,4,37062000
202209,155,109,4,546325000
202209,155,144,4,43950000
202209,155,141,4,424988000
202209,155,148,4,2567793000
202209,155,129,4,4894053000
202209,155,134,4,3051057000
202209,155,140,0,2011550000
202209,155,146,4,1060000
202209,155,125,4,2460000
202209,155,106,0,577554000
202209,155,127,0,49034000
202209,155,137,0,4276768000
202209,155,112,4,495221000
202209,155,132,4,159595000
202209,155,153,4,42008000
202209,155,113,4,906970000
202209,155,100,4,1959639000
202209,155,150,4,1248728000
202209,155,126,4,484738000
202209,155,149,4,3427282000
202209,155,152,4,4171661000
202209,155,160,4,6187428000
202209,155,120,0,4000452000
202209,155,114,0,120597000
202209,155,135,0,9470000
202209,155,117,0,511600000
202209,155,145,0,28194000
202209,155,140,4,5495000
202209,155,102,4,196838000
202209,155,151,4,48737000
202209,155,154,4,25331000
202209,155,139,4,310396000
202209,155,136,4,5130000
202209,155,159,4,300000
202209,155,103,4,38848000
202209,155,104,4,83435000
202209,155,111,4,769000
202209,155,106,4,400000
202209,155,143,4,275357000
202209,155,156,4,28694000
202209,155,133,4,4246000
202209,155,147,0,724552000
202209,155,115,4,4940000
202209,155,143,0,259028125000
202209,155,160,0,1159843355000
202209,155,150,0,715389221000
202209,155,109,0,363259416000
202209,155,149,0,1317113123000
202209,155,139,0,170045011000
202209,155,131,0,397075183000
202209,155,126,0,207993860000
202209,155,142,0,378278856000
202209,155,151,0,23246048000
202209,155,104,0,108914741000
202209,155,154,0,23552409000
202209,155,156,0,9344871000
202209,155,125,0,1329040000
202209,155,103,0,37405793000
202209,155,102,0,133609819000
202209,155,113,0,311962207000
202209,155,138,0,8110671000
202209,155,130,0,47441797000
202209,155,112,0,344894584000
202209,155,110,0,198097113000
202209,155,132,0,95967488000
202209,155,141,0,124058436000
202209,155,134,0,884616326000
202209,155,148,0,698553561000
202209,155,100,0,315851112000
202209,155,129,0,1963995313000
202209,155,116,0,11838121000
202209,155,101,0,10231588000
202209,155,146,0,1206593000
202209,155,144,0,30706822000
202209,155,118,0,30935455000
202209,155,153,0,43802244000
202209,155,133,0,1397105000
202209,155,115,0,4569016000
202209,155,111,0,349704000
202209,155,159,0,922995000
202209,155,157,0,2153436000
202209,155,107,0,3075585000
202209,155,152,0,1022887573000
202209,155,136,0,5283859000
202209,155,123,0,349652000
202210,155,125,4,2460000
202210,155,138,4,65482000
202210,155,139,4,1164075000
202210,155,156,4,19124000
202210,155,116,4,86656000
202210,155,136,4,5330000
202210,155,145,4,7500000
202210,155,151,4,60977000
202210,155,135,0,203760000
202210,155,146,4,2060000
202210,155,106,4,200000
202210,155,123,4,322000
202210,155,122,4,2480000
202210,155,108,0,2000000
202210,155,106,0,54308000
202210,155,133,4,4246000
202210,155,115,4,4290000
202210,155,157,4,1570000
202210,155,120,4,399000
202210,155,159,4,300000
202210,155,111,4,1629000
202210,155,161,0,140000
202210,155,145,0,26833000
202210,155,154,0,15628084000
202210,155,118,0,58454882000
202210,155,103,0,31584052000
202210,155,146,0,1021304000
202210,155,156,0,9259652000
202210,155,130,0,68298605000
202210,155,126,0,214889186000
202210,155,143,0,231650847000
202210,155,131,0,390319220000
202210,155,141,0,159764434000
202210,155,125,0,2521140000
202210,155,104,0,103363678000
202210,155,115,0,3820954000
202210,155,102,0,513694490000
202210,155,142,0,373067847000
202210,155,148,0,747885359000
202210,155,153,0,21958804000
202210,155,160,0,1160563419000
202210,155,109,0,371400503000
202210,155,101,0,11297669000
202210,155,150,0,706133323000
202210,155,113,0,338822358000
202210,155,149,0,1408559187000
202210,155,152,0,1120121849000
202210,155,144,0,25373790000
202210,155,110,0,241405668000
202210,155,132,0,139380985000
202210,155,112,0,340123264000
202210,155,138,0,10032007000
202210,155,100,0,379346570000
202210,155,139,0,272294915000
202210,155,134,0,964932110000
202210,155,129,0,2388373871000
202210,155,114,0,133229000
202210,155,134,4,3625116000
202210,155,160,4,6318668000
202210,155,105,0,102268000
202210,155,142,4,580702000
202210,155,118,4,87989000
202210,155,144,4,57560000
202210,155,154,4,27301000
202210,155,141,4,407519000
202210,155,140,0,723875000
202210,155,159,0,561233000
202210,155,133,0,1043893000
202210,155,137,0,5001776000
202210,155,136,0,26322182000
202210,155,157,0,2420013000
202210,155,122,0,1179982000
202210,155,147,0,264225000
202210,155,127,0,35016000
202210,155,107,0,1698085000
202210,155,120,0,1306775000
202210,155,111,0,854355000
202210,155,104,4,88945000
202210,155,140,4,5495000
202210,155,130,4,62837000
202210,155,132,4,254783000
202210,155,110,4,381132000
202210,155,123,0,576923000
202210,155,151,0,27577603000
202210,155,116,0,12660778000
202210,155,143,4,322435000
202210,155,107,4,6701000
202210,155,101,4,158486000
202210,155,112,4,519166000
202210,155,153,4,40758000
202210,155,103,4,47948000
202210,155,102,4,607575000
202210,155,152,4,4288312000
202210,155,113,4,1056586000
202210,155,131,4,717420000
202210,155,100,4,2054940000
202210,155,150,4,1367390000
202210,155,149,4,3906911000
202210,155,148,4,2674644000
202210,155,129,4,5156808000
202210,155,126,4,466650000
202210,155,109,4,542373000
202210,155,117,0,973232000
202211,155,161,0,200000
202211,155,138,4,35112000
202211,155,142,4,584107000
202211,155,130,4,43418000
202211,155,136,4,4160000
202211,155,144,4,58740000
202211,155,115,4,4820000
202211,155,154,4,27081000
202211,155,145,4,6900000
202211,155,105,0,260893000
202211,155,116,4,96452000
202211,155,131,4,733571000
202211,155,143,4,276143000
202211,155,117,0,692529000
202211,155,118,4,65039000
202211,155,103,4,37648000
202211,155,140,0,1207753000
202211,155,122,0,2049207000
202211,155,106,0,233105000
202211,155,157,0,1936816000
202211,155,146,4,1060000
202211,155,133,4,4586000
202211,155,147,0,191017000
202211,155,111,0,431990000
202211,155,114,0,153157000
202211,155,123,4,332000
202211,155,107,4,6321000
202211,155,139,4,458364000
202211,155,152,4,4482301000
202211,155,141,4,449601000
202211,155,134,4,3586245000
202211,155,150,4,1300509000
202211,155,149,4,3750122000
202211,155,127,0,25345000
202211,155,160,4,6355911000
202211,155,159,0,410305000
202211,155,125,0,1385027000
202211,155,145,0,41667000
202211,155,135,0,10825000
202211,155,148,4,2754479000
202211,155,109,4,554158000
202211,155,102,4,268419000
202211,155,126,4,457804000
202211,155,104,4,74796000
202211,155,112,4,519298000
202211,155,153,4,96770000
202211,155,157,4,1570000
202211,155,110,4,372728000
202211,155,156,4,28324000
202211,155,132,4,120168000
202211,155,101,4,144685000
202211,155,151,4,49877000
202211,155,128,0,460000
202211,155,115,0,3002422000
202211,155,103,0,27784217000
202211,155,102,0,226187613000
202211,155,112,0,292970395000
202211,155,139,0,208744510000
202211,155,141,0,169698607000
202211,155,143,0,212235406000
202211,155,153,0,21765808000
202211,155,120,0,2238171000
202211,155,156,0,9464993000
202211,155,146,0,1212347000
202211,155,101,0,8352562000
202211,155,130,0,44178911000
202211,155,136,0,6605435000
202211,155,149,0,1153951062000
202211,155,126,0,195459097000
202211,155,125,4,2460000
202211,155,122,4,2480000
202211,155,111,4,1629000
202211,155,140,4,5395000
202211,155,120,4,399000
202211,155,159,4,300000
202211,155,100,4,2252418000
202211,155,113,4,1211319000
202211,155,129,4,5231465000
202211,155,137,0,5922320000
202211,155,134,0,880089792000
202211,155,152,0,1082256002000
202211,155,131,0,313839377000
202211,155,148,0,690455004000
202211,155,129,0,1980826111000
202211,155,106,4,200000
202211,155,160,0,1260194789000
202211,155,113,0,341902409000
202211,155,100,0,498996993000
202211,155,104,0,138080883000
202211,155,144,0,21976323000
202211,155,123,0,421065000
202211,155,107,0,2510622000
202211,155,138,0,9251471000
202211,155,133,0,1340181000
202211,155,150,0,610737443000
202211,155,110,0,225500505000
202211,155,142,0,279952141000
202211,155,132,0,138011576000
202211,155,154,0,19234669000
202211,155,118,0,59273883000
202211,155,151,0,22268594000
202211,155,116,0,12274351000
202211,155,109,0,246646726000
202212,155,161,0,720000
202212,155,135,0,11910000
202212,155,153,4,39545000
202212,155,103,4,36749000
202212,155,145,4,5850000
202212,155,106,4,700000
202212,155,133,4,4586000
202212,155,123,4,332000
202212,155,110,0,295583663000
202212,155,143,0,222169010000
202212,155,112,0,315902601000
202212,155,131,0,297724459000
202212,155,151,0,17045039000
202212,155,142,0,396747175000
202212,155,139,0,178999728000
202212,155,152,0,1085752618000
202212,155,100,0,433536958000
202212,155,150,0,705631899000
202212,155,149,0,1164251314000
202212,155,160,0,1227931782000
202212,155,102,0,232770382000
202212,155,154,0,18609273000
202212,155,116,0,12199790000
202212,155,146,0,1291751000
202212,155,138,0,7338033000
202212,155,101,0,9983975000
202212,155,156,0,8027760000
202212,155,120,0,1945981000
202212,155,159,4,300000
202212,155,120,4,399000
202212,155,125,4,2460000
202212,155,114,0,121191000
202212,155,138,4,29352000
202212,155,142,4,552457000
202212,155,112,4,494105000
202212,155,122,4,2480000
202212,155,136,4,4160000
202212,155,144,4,50189000
202212,155,110,4,360468000
202212,155,104,4,79582000
202212,155,126,4,428321000
202212,155,143,4,242725000
202212,155,151,4,87477000
202212,155,102,4,171618000
202212,155,152,4,4270333000
202212,155,148,4,2494039000
202212,155,113,4,990209000
202212,155,150,4,1274391000
202212,155,139,4,478562000
202212,155,145,0,126887000
202212,155,140,0,930918000
202212,155,111,0,327439000
202212,155,127,0,80152000
202212,155,117,0,186805000
202212,155,133,0,1452072000
202212,155,105,0,112540000
202212,155,115,4,4600000
202212,155,158,0,538000
202212,155,118,4,70526000
202212,155,134,4,3010149000
202212,155,116,4,97914000
202212,155,100,4,2440811000
202212,155,132,4,146823000
202212,155,141,4,457839000
202212,155,101,4,145254000
202212,155,131,4,647264000
202212,155,129,4,4958940000
202212,155,109,4,538306000
202212,155,160,4,6327939000
202212,155,149,4,3890509000
202212,155,147,0,391275000
202212,155,111,4,1629000
202212,155,107,4,6081000
202212,155,146,4,1060000
202212,155,140,4,5341000
202212,155,125,0,1455364000
202212,155,104,0,152443663000
202212,155,136,0,4708991000
202212,155,157,0,1125720000
202212,155,118,0,29382514000
202212,155,103,0,18479615000
202212,155,134,0,878226674000
202212,155,141,0,126000236000
202212,155,126,0,248369985000
202212,155,132,0,112447279000
202212,155,109,0,306179629000
202212,155,148,0,708461520000
202212,155,113,0,327800464000
202212,155,154,4,24776000
202212,155,156,4,19474000
202212,155,130,4,105415000
202212,155,157,4,1550000
202212,155,129,0,1848090523000
202212,155,115,0,2393584000
202212,155,153,0,16257718000
202212,155,106,0,375604000
202212,155,144,0,17441195000
202212,155,130,0,31652606000
202212,155,107,0,1356217000
202212,155,122,0,905592000
202212,155,137,0,5641335000
202212,155,159,0,443712000
202212,155,123,0,552008000
202301,155,130,4,89271000
202301,155,128,0,13950000
202301,155,115,4,11190000
202301,155,136,0,4379353000
202301,155,133,0,775172000
202301,155,145,0,55170000
202301,155,138,4,44037000
202301,155,144,4,44309000
202301,155,151,4,67047000
202301,155,122,4,2130000
202301,155,115,0,2909357000
202301,155,157,0,1340987000
202301,155,112,4,564445000
202301,155,116,0,11593841000
202301,155,137,0,4806119000
202301,155,113,4,1100449000
202301,155,140,0,1009139000
202301,155,159,0,424981000
202301,155,152,0,1080920917000
202301,155,139,0,166083357000
202301,155,138,0,7749424000
202301,155,103,0,19433167000
202301,155,154,0,15179151000
202301,155,142,0,356422011000
202301,155,131,0,309744669000
202301,155,110,0,318799369000
202301,155,102,0,174320347000
202301,155,104,0,118088673000
202301,155,148,0,655376296000
202301,155,100,0,413957199000
202301,155,109,0,255962036000
202301,155,129,0,1777488051000
202301,155,122,0,2172297000
202301,155,160,4,6693837000
202301,155,100,4,2244824000
202301,155,150,4,1298638000
202301,155,148,4,2563897000
202301,155,152,4,4237518000
202301,155,134,4,3282252000
202301,155,139,4,340898000
202301,155,143,4,308330000
202301,155,103,4,34941000
202301,155,107,0,1416276000
202301,155,120,0,1627594000
202301,155,161,0,100000
202301,155,135,0,121000000
202301,155,154,4,23856000
202301,155,156,4,18794000
202301,155,145,4,4900000
202301,155,114,0,331011000
202301,155,111,0,311330000
202301,155,153,4,32630000
202301,155,157,4,2020000
202301,155,104,4,102044000
202301,155,102,4,182852000
202301,155,106,0,69161000
202301,155,147,0,225129000
202301,155,136,4,4160000
202301,155,101,4,142231000
202301,155,118,4,86374000
202301,155,123,0,514507000
202301,155,127,0,5873000
202301,155,140,4,5391000
202301,155,146,4,1060000
202301,155,120,4,399000
202301,155,111,4,1629000
202301,155,159,4,300000
202301,155,125,4,2260000
202301,155,105,0,132000
202301,155,133,4,4586000
202301,155,107,4,6081000
202301,155,106,4,500000
202301,155,118,0,48667972000
202301,155,144,0,15945823000
202301,155,156,0,17655825000
202301,155,130,0,27138286000
202301,155,141,0,114350235000
202301,155,146,0,1336043000
202301,155,101,0,6668232000
202301,155,151,0,17110746000
202301,155,117,0,77631000
202301,155,153,0,14621695000
202301,155,143,0,206450908000
202301,155,126,0,218883194000
202301,155,150,0,690764817000
202301,155,113,0,336864572000
202301,155,134,0,814785416000
202301,155,132,0,134304910000
202301,155,160,0,1215534565000
202301,155,149,0,1172370488000
202301,155,112,0,292682919000
202301,155,131,4,711550000
202301,155,129,4,4980442000
202301,155,149,4,3527100000
202301,155,116,4,87777000
202301,155,141,4,439687000
202301,155,132,4,138427000
202301,155,126,4,441638000
202301,155,125,0,562242000
202301,155,142,4,587197000
202301,155,109,4,547303000
202301,155,110,4,388753000
202302,155,140,0,1145098000
202302,155,108,0,26100000
202302,155,127,0,31723000
202302,155,115,0,2485801000
202302,155,156,4,18344000
202302,155,145,0,17173000
202302,155,118,4,54644000
202302,155,142,4,573553000
202302,155,150,4,1270740000
202302,155,129,4,5086990000
202302,155,149,4,3640789000
202302,155,141,4,461610000
202302,155,109,4,564092000
202302,155,143,4,272413000
202302,155,112,4,492407000
202302,155,136,4,4230000
202302,155,101,4,129634000
202302,155,102,4,251851000
202302,155,131,4,686303000
202302,155,148,4,2618113000
202302,155,113,4,998540000
202302,155,104,4,86981000
202302,155,134,4,3214255000
202302,155,100,4,2298632000
202302,155,160,4,6608423000
202302,155,152,4,4242164000
202302,155,116,4,95030000
202302,155,132,4,198905000
202302,155,126,4,484350000
202302,155,154,4,28586000
202302,155,110,4,373358000
202302,155,139,4,349689000
202302,155,147,0,113218000
202302,155,153,4,33730000
202302,155,123,4,122000
202302,155,107,4,5861000
202302,155,115,4,5070000
202302,155,130,4,44052000
202302,155,133,4,4586000
202302,155,106,4,700000
202302,155,120,4,399000
202302,155,159,4,300000
202302,155,122,4,2130000
202302,155,146,4,1464000
202302,155,140,4,5551000
202302,155,144,4,46606000
202302,155,151,4,43100000
202302,155,145,4,3200000
202302,155,138,4,38962000
202302,155,103,4,30287000
202302,155,161,0,100000
202302,155,135,0,15310000
202302,155,114,0,112430000
202302,155,141,0,111782026000
202302,155,134,0,956717448000
202302,155,152,0,1018067629000
202302,155,148,0,686288114000
202302,155,113,0,334734358000
202302,155,111,4,1029000
202302,155,157,4,1850000
202302,155,125,4,2460000
202302,155,105,0,91735000
202302,155,111,0,916952000
202302,155,120,0,1617240000
202302,155,125,0,1101849000
202302,155,117,0,5340314000
202302,155,123,0,484348000
202302,155,126,0,248285268000
202302,155,107,0,1612760000
202302,155,157,0,15749042000
202302,155,146,0,1270777000
202302,155,154,0,45501602000
202302,155,122,0,1498024000
202302,155,144,0,25594241000
202302,155,151,0,29474458000
202302,155,109,0,271399812000
202302,155,130,0,31716275000
202302,155,133,0,1504047000
202302,155,118,0,41354802000
202302,155,143,0,194271888000
202302,155,132,0,123811101000
202302,155,101,0,9568468000
202302,155,159,0,1220341000
202302,155,137,0,4578463000
202302,155,160,0,1168520682000
202302,155,100,0,454289881000
202302,155,102,0,131338542000
202302,155,104,0,113736718000
202302,155,103,0,58453250000
202302,155,136,0,4713012000
202302,155,116,0,11761048000
202302,155,131,0,394569668000
202302,155,129,0,1694014134000
202302,155,150,0,623456705000
202302,155,149,0,1373511143000
202302,155,142,0,331934029000
202302,155,110,0,332478454000
202302,155,112,0,212375191000
202302,155,139,0,189113215000
202302,155,138,0,9015777000
202302,155,153,0,19169962000
202302,155,106,0,7690709000
202302,155,156,0,9561045000
202303,155,106,4,500000
202303,155,105,0,111360000
202303,155,161,0,140000
202303,155,125,4,2280000
202303,155,111,4,969000
202303,155,123,4,122000
202303,155,157,4,1970000
202303,155,120,4,399000
202303,155,159,4,300000
202303,155,103,4,33609000
202303,155,154,4,26976000
202303,155,122,4,1130000
202303,155,153,4,31820000
202303,155,130,4,90140000
202303,155,140,4,5551000
202303,155,138,4,83220000
202303,155,136,4,4260000
202303,155,139,4,443146000
202303,155,144,4,49993000
202303,155,118,4,82167000
202303,155,151,4,55860000
202303,155,112,4,556808000
202303,155,104,4,85697000
202303,155,156,4,19074000
202303,155,149,4,3638758000
202303,155,135,0,18460000
202303,155,126,4,427150000
202303,155,110,4,386323000
202303,155,132,4,168771000
202303,155,109,4,558454000
202303,155,129,4,5237938000
202303,155,134,4,3076973000
202303,155,160,4,6649894000
202303,155,114,0,210653000
202303,155,102,4,158277000
202303,155,133,4,5086000
202303,155,145,4,4400000
202303,155,146,4,1464000
202303,155,143,4,325438000
202303,155,142,4,684106000
202303,155,101,4,127440000
202303,155,107,4,5861000
202303,155,131,4,722611000
202303,155,150,4,1337498000
202303,155,148,4,2724719000
202303,155,100,4,2316615000
202303,155,137,0,4794744000
202303,155,141,4,471210000
202303,155,113,4,1182576000
202303,155,116,4,97309000
202303,155,152,4,4386957000
202303,155,127,0,105026000
202303,155,115,4,4490000
202303,155,143,0,190420105000
202303,155,107,0,1848934000
202303,155,123,0,934669000
202303,155,103,0,27987487000
202303,155,144,0,27558882000
202303,155,115,0,6319813000
202303,155,136,0,6915412000
202303,155,125,0,1678917000
202303,155,110,0,389448967000
202303,155,100,0,476476446000
202303,155,109,0,256298861000
202303,155,102,0,161248486000
202303,155,156,0,14322506000
202303,155,126,0,243240459000
202303,155,101,0,12169571000
202303,155,141,0,136917669000
202303,155,146,0,2180811000
202303,155,142,0,352517096000
202303,155,132,0,139663690000
202303,155,154,0,26105427000
202303,155,122,0,1331641000
202303,155,130,0,42014442000
202303,155,151,0,47035306000
202303,155,157,0,1945793000
202303,155,140,0,1258134000
202303,155,118,0,51237453000
202303,155,116,0,11803011000
202303,155,129,0,2044674047000
202303,155,152,0,1145748449000
202303,155,160,0,1193540688000
202303,155,138,0,8657980000
202303,155,104,0,92698559000
202303,155,159,0,1300763000
202303,155,153,0,22683864000
202303,155,131,0,338496777000
202303,155,139,0,204817471000
202303,155,134,0,921650891000
202303,155,149,0,1291859184000
202303,155,113,0,358172146000
202303,155,148,0,768437297000
202303,155,150,0,728388821000
202303,155,112,0,252372480000
202303,155,145,0,22208000
202303,155,117,0,300375000
202303,155,120,0,4262655000
202303,155,106,0,106867000
202303,155,147,0,382316000
202303,155,133,0,4288507000
202303,155,111,0,538351000
202304,155,133,0,2103331000
202304,155,125,4,2380000
202304,155,138,4,25075000
202304,155,122,0,1117301000
202304,155,154,4,27946000
202304,155,152,4,4025962000
202304,155,148,4,2398963000
202304,155,109,4,519514000
202304,155,100,4,2111609000
202304,155,141,4,450077000
202304,155,116,4,80394000
202304,155,112,4,493947000
202304,155,151,4,44860000
202304,155,136,4,3730000
202304,155,125,0,2295026000
202304,155,149,4,3558397000
202304,155,129,4,4712548000
202304,155,113,4,1036126000
202304,155,111,0,560924000
202304,155,137,0,3843610000
202304,155,160,4,5870936000
202304,155,134,4,2909158000
202304,155,153,4,34655000
202304,155,150,4,1105630000
202304,155,156,4,18604000
202304,155,131,4,603196000
202304,155,143,4,220852000
202304,155,132,4,130270000
202304,155,110,4,375622000
202304,155,142,4,551634000
202304,155,101,4,123288000
202304,155,118,4,71720000
202304,155,126,4,401537000
202304,155,106,0,91763000
202304,155,147,0,200589000
202304,155,102,4,195762000
202304,155,139,4,193142000
202304,155,140,4,5811000
202304,155,107,4,6551000
202304,155,120,4,399000
202304,155,145,4,5250000
202304,155,115,4,3210000
202304,155,114,0,290555000
202304,155,159,4,300000
202304,155,157,4,1970000
202304,155,122,4,1130000
202304,155,146,4,1474000
202304,155,128,0,1270000
202304,155,111,4,109000
202304,155,133,4,5086000
202304,155,130,4,44759000
202304,155,104,4,76417000
202304,155,127,0,42172000
202304,155,144,4,36436000
202304,155,103,4,49791000
202304,155,117,0,349841000
202304,155,145,0,261491000
202304,155,135,0,69100000
202304,155,140,0,1447228000
202304,155,138,0,10536476000
202304,155,130,0,49455924000
202304,155,141,0,142660263000
202304,155,139,0,168500788000
202304,155,143,0,281739413000
202304,155,109,0,223978015000
202304,155,100,0,467573700000
202304,155,150,0,675320894000
202304,155,104,0,129179543000
202304,155,126,0,209790608000
202304,155,118,0,44501469000
202304,155,113,0,325529876000
202304,155,131,0,302879943000
202304,155,115,0,2943471000
202304,155,157,0,2096827000
202304,155,101,0,9693716000
202304,155,103,0,36979295000
202304,155,107,0,2515365000
202304,155,151,0,24041369000
202304,155,160,0,1097308622000
202304,155,153,0,21791060000
202304,155,146,0,2225097000
202304,155,116,0,10714955000
202304,155,142,0,363994551000
202304,155,136,0,6340480000
202304,155,154,0,26931746000
202304,155,156,0,12033413000
202304,155,144,0,28364295000
202304,155,132,0,134848943000
202304,155,149,0,1111068186000
202304,155,129,0,1816370214000
202304,155,112,0,268014126000
202304,155,148,0,694620361000
202304,155,102,0,125898495000
202304,155,110,0,403917235000
202304,155,152,0,1016387989000
202304,155,134,0,796267130000
202304,155,123,0,1688867000
202304,155,120,0,1898037000
202304,155,159,0,2544425000
202304,155,123,4,172000
202304,155,106,4,700000
202304,155,161,0,120000
202304,155,158,0,706000
202304,155,105,0,168686000
202305,155,111,0,574774000
202305,155,160,4,7434684000
202305,155,109,4,645082000
202305,155,125,4,2380000
202305,155,110,4,441848000
202305,155,103,4,33913000
202305,155,123,0,1181584000
202305,155,157,0,1877608000
202305,155,120,0,1340447000
202305,155,147,0,354987000
202305,155,149,0,1197265619000
202305,155,151,4,46660000
202305,155,138,4,44885000
202305,155,153,0,21883302000
202305,155,143,4,325342000
202305,155,141,0,146690734000
202305,155,102,4,270062000
202305,155,143,0,222523575000
202305,155,110,0,376079759000
202305,155,130,0,69143853000
202305,155,109,0,206363461000
202305,155,150,4,1456514000
202305,155,151,0,75845683000
202305,155,134,4,3422947000
202305,155,132,0,147898347000
202305,155,112,0,301369479000
202305,155,116,4,109133000
202305,155,100,4,2448893000
202305,155,102,0,130411756000
202305,155,103,0,40149865000
202305,155,107,4,6551000
202305,155,136,4,5130000
202305,155,132,4,131984000
202305,155,127,0,22359000
202305,155,137,0,4141875000
202305,155,146,0,2025625000
202305,155,135,0,21430000
202305,155,105,0,124039000
202305,155,108,0,328000
202305,155,145,0,228267000
202305,155,117,0,304263000
202305,155,126,4,478987000
202305,155,106,0,787439000
202305,155,156,0,11032338000
202305,155,125,0,1308482000
202305,155,101,0,12137720000
202305,155,140,4,6627000
202305,155,157,4,1970000
202305,155,112,4,560335000
202305,155,152,4,4895772000
202305,155,131,0,315422587000
202305,155,142,4,650783000
202305,155,148,0,728186347000
202305,155,150,0,790455010000
202305,155,111,4,109000
202305,155,141,4,524525000
202305,155,104,0,209491080000
202305,155,156,4,18256000
202305,155,144,4,55031000
202305,155,122,0,1336016000
202305,155,131,4,931010000
202305,155,101,4,138102000
202305,155,144,0,20248641000
202305,155,139,0,199275838000
202305,155,133,0,2541352000
202305,155,134,0,895171636000
202305,155,142,0,271977770000
202305,155,118,0,67086500000
202305,155,118,4,84290000
202305,155,130,4,75982000
202305,155,138,0,7986113000
202305,155,116,0,11400176000
202305,155,113,0,377025998000
202305,155,115,0,2981380000
202305,155,153,4,34425000
202305,155,154,4,29146000
202305,155,107,0,1015962000
202305,155,129,4,5645438000
202305,155,113,4,1264743000
202305,155,129,0,1957525339000
202305,155,160,0,1173123579000
202305,155,149,4,4084499000
202305,155,100,0,513362191000
202305,155,148,4,3080762000
202305,155,154,0,20246648000
202305,155,139,4,411304000
202305,155,140,0,17405039000
202305,155,115,4,7390000
202305,155,159,0,433325000
202305,155,145,4,4400000
202305,155,104,4,90498000
202305,155,136,0,4590782000
202305,155,126,0,217394520000
202305,155,152,0,1111047248000
202305,155,146,4,1474000
202305,155,122,4,1130000
202305,155,161,0,200000
202305,155,106,4,300000
202305,155,128,0,3040000
202305,155,123,4,122000
202305,155,114,0,169672000
202305,155,133,4,7086000
202305,155,120,4,399000
202306,155,145,0,42840000
202306,155,147,0,205700000
202306,155,117,0,446204000
202306,155,115,0,14636412000
202306,155,100,4,2438428000
202306,155,133,0,2053911000
202306,155,140,0,1914863000
202306,155,125,0,1275725000
202306,155,111,0,403085000
202306,155,159,0,738919000
202306,155,120,0,1920016000
202306,155,120,4,100000
202306,155,107,4,5551000
202306,155,123,0,886196000
202306,155,106,4,500000
202306,155,133,4,5086000
202306,155,137,0,4207376000
202306,155,113,4,1321074000
202306,155,104,4,77446000
202306,155,144,4,43115000
202306,155,103,4,116289000
202306,155,154,4,29356000
202306,155,138,4,36716000
202306,155,110,4,410480000
202306,155,126,4,446088000
202306,155,134,4,3211927000
202306,155,160,4,6913642000
202306,155,106,0,452411000
202306,155,150,4,1439256000
202306,155,143,4,287704000
202306,155,118,4,67520000
202306,155,142,4,633076000
202306,155,102,4,185903000
202306,155,109,4,630003000
202306,155,131,4,696664000
202306,155,130,4,46960000
202306,155,112,4,521602000
202306,155,149,4,3737788000
202306,155,116,4,91678000
202306,155,129,4,5268604000
202306,155,148,4,2800774000
202306,155,152,4,4540641000
202306,155,139,4,344069000
202306,155,132,4,137224000
202306,155,153,4,35655000
202306,155,101,4,133195000
202306,155,136,4,3330000
202306,155,114,0,107057000
202306,155,108,0,2600000
202306,155,151,4,46947000
202306,155,115,4,4810000
202306,155,161,0,120000
202306,155,135,0,39950000
202306,155,127,0,55836000
202306,155,141,4,455135000
202306,155,105,0,113293000
202306,155,157,4,1970000
202306,155,109,0,212784022000
202306,155,131,0,306746802000
202306,155,143,0,254651877000
202306,155,118,0,40450861000
202306,155,142,0,331535632000
202306,155,149,0,1291273390000
202306,155,100,0,414006990000
202306,155,129,0,1923111473000
202306,155,160,0,1151500700000
202306,155,134,0,937730225000
202306,155,152,0,1179522549000
202306,155,132,0,138918925000
202306,155,126,0,197987971000
202306,155,125,4,2380000
202306,155,104,0,119750762000
202306,155,139,0,161861278000
202306,155,150,0,675291695000
202306,155,123,4,122000
202306,155,111,4,109000
202306,155,151,0,22622942000
202306,155,157,0,2631794000
202306,155,138,0,8392192000
202306,155,153,0,32984727000
202306,155,101,0,7967401000
202306,155,122,0,1592394000
202306,155,154,0,21322546000
202306,155,156,0,16946728000
202306,155,136,0,5585709000
202306,155,144,0,62969875000
202306,155,107,0,1464726000
202306,155,141,0,129988306000
202306,155,116,0,12664735000
202306,155,103,0,30199284000
202306,155,146,0,1991907000
202306,155,130,0,35456523000
202306,155,102,0,125573654000
202306,155,148,0,719750235000
202306,155,110,0,398625038000
202306,155,112,0,304225189000
202306,155,113,0,346143184000
202306,155,140,4,7227000
202306,155,156,4,16328000
202306,155,145,4,5750000
202306,155,122,4,730000
202306,155,146,4,1774000
202307,155,156,0,14125742000
202307,155,107,0,2607418000
202307,155,116,0,11379243000
202307,155,106,0,136890000
202307,155,122,0,2798123000
202307,155,136,0,29054597000
202307,155,129,4,5246410000
202307,155,150,4,1449254000
202307,155,113,4,1175486000
202307,155,102,4,179970000
202307,155,100,4,2346556000
202307,155,125,0,5640890000
202307,155,133,0,1374346000
202307,155,147,0,512527000
202307,155,130,4,85749000
202307,155,103,0,75290697000
202307,155,144,0,38675560000
202307,155,154,0,32512912000
202307,155,130,0,26264674000
202307,155,113,0,360419704000
202307,155,126,0,282467992000
202307,155,102,0,124446493000
202307,155,142,0,371370703000
202307,155,104,0,145374587000
202307,155,153,0,33268048000
202307,155,118,0,162293687000
202307,155,138,0,17847753000
202307,155,146,0,2603728000
202307,155,110,0,384774866000
202307,155,141,0,146396149000
202307,155,152,0,1030710837000
202307,155,100,0,394829433000
202307,155,129,0,2129529787000
202307,155,134,0,920385660000
202307,155,150,0,653810466000
202307,155,157,0,12446246000
202307,155,159,0,572237000
202307,155,140,0,1661860000
202307,155,145,0,23847000
202307,155,160,0,1086496738000
202307,155,132,0,119846990000
202307,155,149,0,1250319138000
202307,155,112,0,267230203000
202307,155,109,0,225999941000
202307,155,131,0,306024081000
202307,155,139,0,184622331000
202307,155,148,0,735805248000
202307,155,143,0,214573986000
202307,155,101,0,7704469000
202307,155,111,0,355292000
202307,155,123,0,1548017000
202307,155,104,4,87157000
202307,155,118,4,82898000
202307,155,109,4,620055000
202307,155,149,4,3859097000
202307,155,148,4,2877359000
202307,155,160,4,7000625000
202307,155,134,4,3455840000
202307,155,126,4,457279000
202307,155,152,4,4701984000
202307,155,141,4,496079000
202307,155,142,4,629169000
202307,155,143,4,295703000
202307,155,101,4,160501000
202307,155,112,4,518010000
202307,155,151,4,51353000
202307,155,131,4,722297000
202307,155,139,4,322843000
202307,155,110,4,413841000
202307,155,132,4,166398000
202307,155,116,4,91879000
202307,155,137,0,4277761000
202307,155,151,0,56268091000
202307,155,115,0,5211499000
202307,155,120,0,2030553000
202307,155,106,4,500000
202307,155,123,4,222000
202307,155,136,4,3430000
202307,155,156,4,18100000
202307,155,120,4,399000
202307,155,140,4,15227000
202307,155,114,0,333460000
202307,155,122,4,930000
202307,155,145,4,8500000
202307,155,127,0,48396000
202307,155,146,4,1842000
202307,155,157,4,1970000
202307,155,128,0,39000
202307,155,107,4,6551000
202307,155,161,0,80000
202307,155,133,4,5070000
202307,155,117,0,461002000
202307,155,135,0,16850000
202307,155,115,4,5120000
202307,155,154,4,35426000
202307,155,153,4,66955000
202307,155,144,4,68365000
202307,155,138,4,34871000
202307,155,103,4,38733000
202307,155,111,4,109000
202307,155,125,4,8380000
202307,155,105,0,163780000
202308,155,145,4,7250000
202308,155,127,0,197095000
202308,155,138,4,33311000
202308,155,104,4,78340000
202308,155,136,4,3630000
202308,155,125,0,3908414000
202308,155,150,4,1600478000
202308,155,135,0,21990000
202308,155,101,4,160005000
202308,155,153,4,38525000
202308,155,125,4,2380000
202308,155,130,4,51019000
202308,155,133,4,5070000
202308,155,117,0,615347000
202308,155,161,0,120000
202308,155,112,4,521623000
202308,155,114,0,140163000
202308,155,106,4,700000
202308,155,105,0,156720000
202308,155,123,4,222000
202308,155,120,4,399000
202308,155,158,0,136000
202308,155,122,4,830000
202308,155,108,0,3500000
202308,155,143,0,228453786000
202308,155,138,0,9221940000
202308,155,154,0,25693067000
202308,155,153,0,23856680000
202308,155,144,0,22258236000
202308,155,146,0,2336446000
202308,155,104,0,71414718000
202308,155,139,0,156120942000
202308,155,142,0,365404847000
202308,155,118,0,41332105000
202308,155,109,0,243958950000
202308,155,156,0,11513058000
202308,155,157,0,1365801000
202308,155,103,0,39542441000
202308,155,133,0,1249178000
202308,155,136,0,21106239000
202308,155,107,0,3373258000
202308,155,140,0,2174402000
202308,155,115,0,4969417000
202308,155,123,0,1272365000
202308,155,122,0,1614877000
202308,155,146,4,1592000
202308,155,107,4,5551000
202308,155,140,4,15227000
202308,155,144,4,45188000
202308,155,110,4,434553000
202308,155,154,4,36516000
202308,155,103,4,25853000
202308,155,142,4,704319000
202308,155,157,4,1970000
202308,155,132,4,122172000
202308,155,126,4,464126000
202308,155,118,4,86448000
202308,155,115,4,5360000
202308,155,139,4,377476000
202308,155,109,4,630956000
202308,155,131,4,738347000
202308,155,151,4,116338000
202308,155,116,4,83777000
202308,155,141,4,482166000
202308,155,156,4,21918000
202308,155,152,4,4687372000
202308,155,102,4,110925000
202308,155,113,4,1269632000
202308,155,149,4,3847310000
202308,155,160,4,6975222000
202308,155,134,4,3432032000
202308,155,100,4,2204524000
202308,155,148,4,2873887000
202308,155,129,4,5343051000
202308,155,143,4,323621000
202308,155,145,0,23035000
202308,155,147,0,91257000
202308,155,106,0,273649000
202308,155,101,0,9676252000
202308,155,116,0,10025764000
202308,155,137,0,4163981000
202308,155,111,0,464642000
202308,155,120,0,2194215000
202308,155,159,0,486506000
202308,155,100,0,412395362000
202308,155,113,0,367197653000
202308,155,152,0,1125742425000
202308,155,150,0,605098227000
202308,155,134,0,793338410000
202308,155,141,0,129136274000
202308,155,102,0,111163675000
202308,155,132,0,109256183000
202308,155,160,0,1135712822000
202308,155,148,0,692498605000
202308,155,110,0,268804259000
202308,155,126,0,178055069000
202308,155,112,0,270424979000
202308,155,131,0,314363247000
202308,155,129,0,1772859539000
202308,155,149,0,1241692925000
202308,155,130,0,21253456000
202308,155,151,0,23790969000
202309,155,117,0,116022000
202309,155,122,0,1718367000
202309,155,159,0,663430000
202309,155,105,0,185060000
202309,155,104,4,78694000
202309,155,132,4,201336000
202309,155,101,4,121657000
202309,155,110,4,381375000
202309,155,148,4,2401183000
202309,155,109,4,528673000
202309,155,116,4,78996000
202309,155,131,4,601956000
202309,155,139,4,331397000
202309,155,149,4,3395406000
202309,155,100,4,2057603000
202309,155,113,4,1110127000
202309,155,150,4,1305009000
202309,155,127,0,61669000
202309,155,144,4,42971000
202309,155,151,4,49807000
202309,155,106,0,8432793000
202309,155,161,0,200000
202309,155,103,4,24071000
202309,155,153,4,32844000
202309,155,156,4,15730000
202309,155,130,4,46779000
202309,155,152,4,3975005000
202309,155,129,4,4681462000
202309,155,143,4,240700000
202309,155,102,4,114590000
202309,155,134,4,3141037000
202309,155,160,4,6048435000
202309,155,112,4,505850000
202309,155,126,4,415099000
202309,155,136,4,2730000
202309,155,141,4,396597000
202309,155,145,0,37880000
202309,155,137,0,5031234000
202309,155,147,0,407104000
202309,155,138,4,26686000
202309,155,142,4,549448000
202309,155,122,4,830000
202309,155,104,0,145918276000
202309,155,113,0,361616065000
202309,155,126,0,228978296000
202309,155,110,0,203658299000
202309,155,132,0,109769257000
202309,155,100,0,377686092000
202309,155,153,0,38843151000
202309,155,144,0,33266368000
202309,155,125,4,380000
202309,155,154,0,24851429000
202309,155,157,0,847111000
202309,155,139,0,141541044000
202309,155,156,0,8767645000
202309,155,115,0,7679356000
202309,155,136,0,3029591000
202309,155,125,0,2987340000
202309,155,133,0,2013803000
202309,155,150,0,625636880000
202309,155,160,0,1179301919000
202309,155,142,0,355509926000
202309,155,102,0,103611082000
202309,155,112,0,290298025000
202309,155,134,0,772630520000
202309,155,130,0,20186334000
202309,155,149,0,1119434515000
202309,155,148,0,682562952000
202309,155,143,0,224830945000
202309,155,109,0,222066264000
202309,155,131,0,281156220000
202309,155,146,0,2344416000
202309,155,101,0,11565104000
202309,155,138,0,10284434000
202309,155,116,0,10222927000
202309,155,152,0,1024187542000
202309,155,141,0,146707009000
202309,155,129,0,1602589623000
202309,155,118,0,90313192000
202309,155,158,0,569000
202309,155,135,0,6760000
202309,155,124,0,243545000
202309,155,128,0,68643000
202309,155,123,4,272000
202309,155,146,4,1383000
202309,155,106,4,500000
202309,155,157,4,1970000
202309,155,107,4,5551000
202309,155,133,4,5086000
202309,155,120,0,2751300000
202309,155,111,0,1082174000
202309,155,103,0,78129544000
202309,155,107,0,1596220000
202309,155,151,0,35016614000
202309,155,140,0,1309917000
202309,155,123,0,1100957000
202309,155,140,4,15227000
202309,155,154,4,23006000
202309,155,120,4,399000
202309,155,115,4,3310000
202309,155,118,4,69509000
202309,155,145,4,3750000
202309,155,114,0,197209000
202310,155,121,0,400000
202310,155,106,4,400000
202310,155,137,0,4745299000
202310,155,107,0,1642666000
202310,155,133,0,2032065000
202310,155,130,0,25285675000
202310,155,135,0,43240000
202310,155,160,4,7791974000
202310,155,129,4,6006513000
202310,155,152,4,5320027000
202310,155,126,4,551656000
202310,155,150,4,1776330000
202310,155,102,4,140339000
202310,155,100,4,2580805000
202310,155,149,4,4266057000
202310,155,134,4,3756138000
202310,155,143,4,379065000
202310,155,131,4,828611000
202310,155,156,4,15873000
202310,155,132,4,255492000
202310,155,101,4,222177000
202310,155,154,4,56920000
202310,155,104,4,104314000
202310,155,138,4,63656000
202310,155,106,0,174022000
202310,155,115,4,7360000
202310,155,145,0,26474000
202310,155,151,4,58372000
202310,155,112,4,588479000
202310,155,118,4,78020000
202310,155,114,0,198298000
202310,155,110,4,477294000
202310,155,142,4,688769000
202310,155,148,4,3359895000
202310,155,109,4,705277000
202310,155,113,4,1333696000
202310,155,147,0,120305000
202310,155,116,4,104655000
202310,155,125,4,380000
202310,155,139,4,417068000
202310,155,141,4,566532000
202310,155,144,4,60941000
202310,155,127,0,41617000
202310,155,145,4,6150000
202310,155,105,0,101441000
202310,155,103,4,33050000
202310,155,153,4,39839000
202310,155,130,4,67737000
202310,155,146,4,26751000
202310,155,122,4,830000
202310,155,120,0,2137200000
202310,155,159,0,985799000
202310,155,123,0,1482843000
202310,155,138,0,8848972000
202310,155,117,0,827113000
202310,155,136,0,3831645000
202310,155,116,0,9811173000
202310,155,146,0,2692245000
202310,155,111,0,694501000
202310,155,140,0,791549000
202310,155,125,0,1432100000
202310,155,157,0,1552885000
202310,155,133,4,5086000
202310,155,161,0,1090000
202310,155,123,4,372000
202310,155,115,0,3980795000
202310,155,118,0,103297241000
202310,155,144,0,28862000000
202310,155,143,0,192818587000
202310,155,150,0,660973886000
202310,155,142,0,337123474000
202310,155,102,0,134357321000
202310,155,153,0,25326025000
202310,155,151,0,25311675000
202310,155,154,0,38603181000
202310,155,122,0,1701523000
202310,155,148,0,767313131000
202310,155,103,0,46314665000
202310,155,132,0,116467999000
202310,155,120,4,399000
202310,155,126,0,306959775000
202310,155,134,0,866810212000
202310,155,131,0,270560519000
202310,155,104,0,96398740000
202310,155,112,0,272702415000
202310,155,109,0,357760577000
202310,155,100,0,439946384000
202310,155,152,0,1067811961000
202310,155,110,0,483958868000
202310,155,156,0,11168416000
202310,155,139,0,199713491000
202310,155,113,0,391764447000
202310,155,129,0,2049598973000
202310,155,160,0,1123610548000
202310,155,149,0,1315396924000
202310,155,141,0,169492872000
202310,155,101,0,7116828000
202310,155,136,4,4630000
202310,155,128,0,37000000
202310,155,140,4,14377000
202310,155,107,4,4449000
202310,155,157,4,1850000
202311,155,145,4,5700000
202311,155,115,4,3110000
202311,155,114,0,248367000
202311,155,144,4,50301000
202311,155,153,4,39289000
202311,155,142,4,634333000
202311,155,139,4,525202000
202311,155,146,4,1572000
202311,155,112,4,603943000
202311,155,141,4,460882000
202311,155,143,4,421698000
202311,155,160,4,7105782000
202311,155,116,4,84470000
202311,155,107,4,6399000
202311,155,157,0,1708590000
202311,155,147,0,153937000
202311,155,136,0,13087480000
202311,155,151,4,55823000
202311,155,104,4,99572000
202311,155,108,0,3000000
202311,155,161,0,120000
202311,155,127,0,145602000
202311,155,103,4,24983000
202311,155,100,4,2398165000
202311,155,113,4,1366175000
202311,155,105,0,293627000
202311,155,128,0,64251000
202311,155,125,0,1329443000
202311,155,146,0,2876132000
202311,155,160,0,1219123478000
202311,155,106,0,8687093000
202311,155,107,0,1941258000
202311,155,159,0,1799253000
202311,155,101,0,7329586000
202311,155,116,0,9614224000
202311,155,133,0,1685676000
202311,155,143,0,265767236000
202311,155,151,0,39590275000
202311,155,112,0,316458642000
202311,155,139,0,246386225000
202311,155,126,0,274884478000
202311,155,152,0,1146890239000
202311,155,142,0,415076686000
202311,155,150,0,688383129000
202311,155,132,0,140021018000
202311,155,149,0,1490540149000
202311,155,132,4,265047000
202311,155,156,4,20663000
202311,155,110,4,460914000
202311,155,118,4,149173000
202311,155,154,4,44540000
202311,155,101,4,167915000
202311,155,102,4,149799000
202311,155,109,4,628150000
202311,155,150,4,1452889000
202311,155,131,4,726725000
202311,155,152,4,4945633000
202311,155,149,4,4133836000
202311,155,126,4,578118000
202311,155,129,4,5440300000
202311,155,148,4,2902619000
202311,155,134,4,3709533000
202311,155,138,4,45846000
202311,155,145,0,61913000
202311,155,130,4,53155000
202311,155,134,0,937256672000
202311,155,117,0,3518631000
202311,155,137,0,5117711000
202311,155,157,4,1850000
202311,155,125,4,380000
202311,155,122,4,830000
202311,155,123,4,872000
202311,155,140,4,6377000
202311,155,133,4,5086000
202311,155,120,4,399000
202311,155,158,0,569000
202311,155,121,0,2700000
202311,155,106,4,200000
202311,155,135,0,5413000
202311,155,136,4,4130000
202311,155,111,0,870779000
202311,155,140,0,4867696000
202311,155,156,0,11113943000
202311,155,154,0,23491124000
202311,155,123,0,1432236000
202311,155,122,0,2903994000
202311,155,120,0,922804000
202311,155,153,0,31273687000
202311,155,130,0,29807817000
202311,155,115,0,7879102000
202311,155,141,0,184199767000
202311,155,109,0,301946329000
202311,155,103,0,49135411000
202311,155,144,0,36675125000
202311,155,118,0,77035780000
202311,155,102,0,163144183000
202311,155,110,0,374735117000
202311,155,100,0,535033056000
202311,155,104,0,287383012000
202311,155,113,0,444529989000
202311,155,138,0,12662895000
202311,155,131,0,384890401000
202311,155,148,0,768141767000
202311,155,129,0,2234674785000
202312,155,124,0,611286000
202312,155,123,4,397000
202312,155,115,4,32360000
202312,155,105,0,307311000
202312,155,114,0,93697000
202312,155,125,4,380000
202312,155,111,4,1000000
202312,155,120,4,399000
202312,155,133,4,5086000
202312,155,106,4,400000
202312,155,136,4,3130000
202312,155,128,0,119365000
202312,155,136,0,5626505000
202312,155,156,0,11646877000
202312,155,113,0,462708977000
202312,155,110,0,242918726000
202312,155,146,0,3351545000
202312,155,138,0,10302488000
202312,155,142,0,377799420000
202312,155,100,0,457927503000
202312,155,141,0,170125597000
202312,155,129,0,1917972098000
202312,155,131,0,298856118000
202312,155,150,0,675122954000
202312,155,104,0,192473853000
202312,155,143,0,247709890000
202312,155,152,0,1157706214000
202312,155,148,0,719078613000
202312,155,126,0,290422542000
202312,155,139,0,209932286000
202312,155,160,0,1240654048000
202312,155,154,0,46048283000
202312,155,159,4,300000
202312,155,121,0,600000
202312,155,144,0,51463224000
202312,155,116,0,9584936000
202312,155,153,0,81875936000
202312,155,103,0,49666097000
202312,155,118,0,62784967000
202312,155,130,0,29093017000
202312,155,101,0,8081133000
202312,155,132,0,126294396000
202312,155,102,0,157081948000
202312,155,112,0,305529816000
202312,155,149,0,1277024739000
202312,155,107,0,1722759000
202312,155,123,0,1715317000
202312,155,122,0,1368444000
202312,155,159,0,718435000
202312,155,120,0,3451744000
202312,155,107,4,6699000
202312,155,161,0,140000
202312,155,135,0,13720000
202312,155,147,0,154020000
202312,155,122,4,830000
202312,155,145,0,158389000
202312,155,145,4,3500000
202312,155,116,4,72893000
202312,155,100,4,2155424000
202312,155,144,4,71158000
202312,155,117,0,6814186000
202312,155,153,4,37489000
202312,155,151,4,47954000
202312,155,103,4,27806000
202312,155,156,4,44506000
202312,155,110,4,456194000
202312,155,131,4,643568000
202312,155,101,4,133903000
202312,155,142,4,606243000
202312,155,143,4,280090000
202312,155,130,4,40288000
202312,155,102,4,84369000
202312,155,126,4,452091000
202312,155,109,4,569737000
202312,155,149,4,3714447000
202312,155,139,4,363264000
202312,155,152,4,4387577000
202312,155,150,4,1399805000
202312,155,148,4,2701291000
202312,155,129,4,4877248000
202312,155,118,4,62009000
202312,155,154,4,24400000
202312,155,104,4,78816000
202312,155,125,0,2344322000
202312,155,133,0,1275109000
202312,155,111,0,828145000
202312,155,151,0,26960417000
202312,155,109,0,258610022000
202312,155,134,0,892246008000
202312,155,115,0,16169018000
202312,155,106,0,262803000
202312,155,140,4,6367000
202312,155,141,4,434145000
202312,155,146,4,11062000
202312,155,112,4,510497000
202312,155,157,4,1970000
202312,155,138,4,22126000
202312,155,132,4,147222000
202312,155,160,4,6429246000
202312,155,134,4,3340511000
202312,155,113,4,1255882000
202312,155,137,0,3853820000
202312,155,127,0,190684000
202312,155,140,0,3281114000
202312,155,157,0,1742377000
202401,155,114,0,174344000
202401,155,161,0,140000
202401,155,106,0,3263559000
202401,155,111,0,1765953000
202401,155,145,0,74840000
202401,155,136,4,4160000
202401,155,144,4,66832000
202401,155,143,4,350923000
202401,155,126,4,475394000
202401,155,130,4,146452000
202401,155,142,4,733395000
202401,155,102,4,98735000
202401,155,149,4,4203216000
202401,155,109,4,706772000
202401,155,139,4,262595000
202401,155,110,4,480940000
202401,155,129,4,5620976000
202401,155,150,4,1627584000
202401,155,141,4,474206000
202401,155,148,4,3153295000
202401,155,132,4,300670000
202401,155,147,0,677135000
202401,155,117,0,8295116000
202401,155,100,4,2536076000
202401,155,134,4,3628032000
202401,155,137,0,3942979000
202401,155,120,0,1310084000
202401,155,125,4,380000
202401,155,153,4,45355000
202401,155,127,0,178817000
202401,155,104,4,87767000
202401,155,122,4,330000
202401,155,112,4,601657000
202401,155,101,4,209156000
202401,155,146,4,833000
202401,155,151,4,58295000
202401,155,138,4,41871000
202401,155,131,4,816358000
202401,155,152,4,4965851000
202401,155,116,4,78829000
202401,155,113,4,1341289000
202401,155,160,4,7545964000
202401,155,118,4,115453000
202401,155,106,4,300000
202401,155,120,4,399000
202401,155,143,0,201091820000
202401,155,118,0,109224426000
202401,155,126,0,210298747000
202401,155,109,0,211363876000
202401,155,112,0,284020947000
202401,155,113,0,467649149000
202401,155,100,0,441144658000
202401,155,141,0,156037262000
202401,155,156,0,24789025000
202401,155,132,0,127338083000
202401,155,144,0,44347117000
202401,155,130,0,28071060000
202401,155,122,0,2337872000
202401,155,146,0,3243399000
202401,155,110,0,320219293000
202401,155,150,0,680664464000
202401,155,116,0,11358584000
202401,155,104,0,215562342000
202401,155,102,0,136447916000
202401,155,139,0,209255672000
202401,155,131,0,338733105000
202401,155,149,0,1282035693000
202401,155,148,0,765381549000
202401,155,142,0,364134372000
202401,155,129,0,1782850868000
202401,155,134,0,886550729000
202401,155,101,0,6996575000
202401,155,138,0,11358525000
202401,155,103,0,56848604000
202401,155,157,0,12977857000
202401,155,107,0,2070760000
202401,155,123,0,2170548000
202401,155,154,0,27840067000
202401,155,133,0,2018346000
202401,155,115,0,14577742000
202401,155,136,0,13730953000
202401,155,125,0,2503532000
202401,155,151,0,83452295000
202401,155,140,0,1173782000
202401,155,159,0,950656000
202401,155,153,0,47343869000
202401,155,152,0,1024213443000
202401,155,160,0,1219860979000
202401,155,145,4,7050000
202401,155,135,0,20531000
202401,155,133,4,4566000
202401,155,123,4,1942000
202401,155,157,4,570000
202401,155,115,4,2920000
202401,155,107,4,6679000
202401,155,103,4,32303000
202401,155,140,4,6377000
202401,155,154,4,25180000
202401,155,156,4,27748000
202401,155,128,0,90930000
202401,155,124,0,20575000
202402,155,159,4,150000
202402,155,157,4,670000
202402,155,128,0,193390000
202402,155,121,0,2000000
202402,155,146,4,1443000
202402,155,123,4,520000
202402,155,140,4,6357000
202402,155,120,4,399000
202402,155,106,4,500000
202402,155,125,4,500000
202402,155,152,0,1094237032000
202402,155,116,4,70676000
202402,155,139,4,255917000
202402,155,141,4,482945000
202402,155,130,4,126248000
202402,155,138,4,52796000
202402,155,132,4,323696000
202402,155,131,4,732478000
202402,155,126,4,478133000
202402,155,149,4,3962093000
202402,155,160,4,7057186000
202402,155,109,4,631808000
202402,155,129,4,5147670000
202402,155,157,0,18672954000
202402,155,116,0,9343668000
202402,155,107,0,5313342000
202402,155,110,4,474720000
202402,155,136,0,6310761000
202402,155,112,4,548071000
202402,155,120,0,819984000
202402,155,137,0,3534423000
202402,155,104,4,87824000
202402,155,101,0,6730385000
202402,155,153,0,26399416000
202402,155,144,0,44363609000
202402,155,156,0,69479311000
202402,155,109,0,257932775000
202402,155,146,0,3141655000
202402,155,113,0,448595973000
202402,155,141,0,147209791000
202402,155,139,0,203422971000
202402,155,142,0,354416551000
202402,155,132,0,123494301000
202402,155,131,0,317044235000
202402,155,125,0,8686328000
202402,155,133,4,4616000
202402,155,102,4,129308000
202402,155,148,4,3051214000
202402,155,100,4,2354595000
202402,155,113,4,1345298000
202402,155,100,0,396779176000
202402,155,110,0,332045056000
202402,155,126,0,215047673000
202402,155,149,0,1260287662000
202402,155,106,0,208845000
202402,155,127,0,602458000
202402,155,114,0,114422000
202402,155,145,0,65633000
202402,155,111,0,1106607000
202402,155,159,0,581471000
202402,155,133,0,5420424000
202402,155,134,4,3577862000
202402,155,152,4,4686049000
202402,155,150,4,1471750000
202402,155,115,4,52740000
202402,155,103,4,25347000
202402,155,101,4,186844000
202402,155,118,4,135582000
202402,155,143,4,310111000
202402,155,142,4,655063000
202402,155,122,0,3024158000
202402,155,123,0,2335302000
202402,155,115,0,16357776000
202402,155,150,0,643449028000
202402,155,143,0,198635405000
202402,155,138,0,12411256000
202402,155,103,0,50658653000
202402,155,102,0,131583926000
202402,155,118,0,56563671000
202402,155,104,0,160116062000
202402,155,148,0,688086249000
202402,155,134,0,795886260000
202402,155,112,0,232488733000
202402,155,160,0,1164856947000
202402,155,140,0,1236606000
202402,155,151,0,28960728000
202402,155,154,0,33295039000
202402,155,130,0,23003870000
202402,155,129,0,1684944978000
202402,155,147,0,443585000
202402,155,154,4,36400000
202402,155,144,4,61765000
202402,155,117,0,259880000
202402,155,161,0,80000
202402,155,156,4,21473000
202402,155,153,4,51220000
202402,155,124,0,22290000
202402,155,151,4,75928000
202402,155,145,4,5200000
202402,155,111,4,100000
202402,155,105,0,1122000
202402,155,136,4,3560000
202402,155,107,4,6709000
202402,155,122,4,830000
202402,155,135,0,598813000
202403,155,112,4,494514000
202403,155,102,4,107911000
202403,155,125,0,2041502000
202403,155,111,0,1388073000
202403,155,123,0,2251990000
202403,155,126,4,600276000
202403,155,147,0,91608000
202403,155,106,0,139447000
202403,155,154,4,25930000
202403,155,144,4,66015000
202403,155,145,4,4750000
202403,155,146,4,1543000
202403,155,114,0,177048000
202403,155,128,0,43600000
202403,155,159,4,300000
202403,155,145,0,146353000
202403,155,156,4,37278000
202403,155,151,4,110200000
202403,155,127,0,835406000
202403,155,117,0,618092000
202403,155,143,4,293248000
202403,155,138,4,20201000
202403,155,139,4,433729000
202403,155,157,0,1817702000
202403,155,118,4,97594000
202403,155,133,0,1259002000
202403,155,104,4,77015000
202403,155,153,4,43790000
202403,155,157,4,2170000
202403,155,111,4,200000
202403,155,105,0,24130000
202403,155,124,0,5040000
202403,155,125,4,300000
202403,155,103,4,57788000
202403,155,161,0,180000
202403,155,135,0,11300000
202403,155,116,4,68099000
202403,155,130,4,44934000
202403,155,149,4,3807445000
202403,155,140,4,6367000
202403,155,107,4,6709000
202403,155,136,4,2860000
202403,155,123,4,20670000
202403,155,115,4,50510000
202403,155,122,4,780000
202403,155,106,4,300000
202403,155,133,4,4616000
202403,155,120,4,399000
202403,155,138,0,9225667000
202403,155,160,4,6717155000
202403,155,160,0,1241921277000
202403,155,126,0,228654275000
202403,155,109,4,577088000
202403,155,136,0,5755990000
202403,155,113,4,1404310000
202403,155,146,0,3390348000
202403,155,151,0,28359464000
202403,155,134,4,3493696000
202403,155,132,4,292942000
202403,155,101,0,7210622000
202403,155,122,0,2821747000
202403,155,115,0,7862693000
202403,155,154,0,26945351000
202403,155,118,0,87346252000
202403,155,104,0,151648939000
202403,155,129,4,5065262000
202403,155,103,0,86868350000
202403,155,132,0,173257451000
202403,155,142,0,365617710000
202403,155,102,0,134580104000
202403,155,148,0,704180722000
202403,155,110,0,334101158000
202403,155,142,4,653337000
202403,155,141,0,145622944000
202403,155,113,0,532895398000
202403,155,116,0,9421862000
202403,155,134,0,886511954000
202403,155,129,0,2041995529000
202403,155,149,0,1314654040000
202403,155,100,0,520286655000
202403,155,144,0,52946822000
202403,155,130,0,30606307000
202403,155,112,0,221387319000
202403,155,131,0,322209076000
202403,155,139,0,196689748000
202403,155,150,0,659548129000
202403,155,143,0,202639627000
202403,155,153,0,26218408000
202403,155,109,0,252441043000
202403,155,152,0,1165907794000
202403,155,140,0,1033730000
202403,155,137,0,3977840000
202403,155,131,4,669223000
202403,155,141,4,442697000
202403,155,100,4,2288872000
202403,155,150,4,1343560000
202403,155,148,4,2719571000
202403,155,152,4,4424051000
202403,155,156,0,13051550000
202403,155,120,0,877431000
202403,155,101,4,137958000
202403,155,107,0,2320145000
202403,155,110,4,445664000
202403,155,159,0,603359000
202404,155,145,4,5250000
202404,155,145,0,98603000
202404,155,137,0,4060319000
202404,155,122,4,780000
202404,155,121,0,300000
202404,155,120,0,1147549000
202404,155,161,0,200000
202404,155,139,4,316038000
202404,155,131,4,813295000
202404,155,109,4,733824000
202404,155,132,4,306088000
202404,155,157,0,1125192000
202404,155,102,4,130472000
202404,155,159,0,870582000
202404,155,126,4,468235000
202404,155,114,0,98636000
202404,155,140,0,738898000
202404,155,101,4,232280000
202404,155,116,4,75474000
202404,155,138,4,44051000
202404,155,154,4,25880000
202404,155,123,4,1320000
202404,155,135,0,2985000
202404,155,124,0,28010000
202404,155,160,0,1362663477000
202404,155,102,0,136246514000
202404,155,139,0,200835777000
202404,155,150,0,760930267000
202404,155,134,0,932730433000
202404,155,143,0,261742333000
202404,155,149,0,1441416956000
202404,155,103,0,64231190000
202404,155,148,0,862998947000
202404,155,112,0,264055973000
202404,155,143,4,379424000
202404,155,110,0,408261723000
202404,155,117,0,654891000
202404,155,144,4,58264000
202404,155,106,0,353784000
202404,155,104,4,95995000
202404,155,108,0,740000
202404,155,128,0,70272000
202404,155,111,4,100000
202404,155,115,4,3150000
202404,155,147,0,180653000
202404,155,130,4,56406000
202404,155,107,4,7379000
202404,155,140,4,6367000
202404,155,136,4,4060000
202404,155,153,4,135165000
202404,155,103,4,30259000
202404,155,156,4,79103000
202404,155,146,4,1603000
202404,155,118,4,84941000
202404,155,151,4,158224000
202404,155,146,0,3001247000
202404,155,104,0,227868328000
202404,155,101,0,8804192000
202404,155,116,0,8363465000
202404,155,149,4,4173982000
202404,155,156,0,37813090000
202404,155,154,0,25208653000
202404,155,138,0,11412526000
202404,155,144,0,25838123000
202404,155,118,0,60663432000
202404,155,126,0,223772346000
202404,155,153,0,119520231000
202404,155,160,4,7973885000
202404,155,110,4,503075000
202404,155,142,4,725114000
202404,155,111,0,893744000
202404,155,123,0,1588236000
202404,155,125,0,6626036000
202404,155,130,0,36719158000
202404,155,152,4,5359830000
202404,155,115,0,24319947000
202404,155,120,4,399000
202404,155,132,0,143177954000
202404,155,141,0,179539625000
202404,155,157,4,2170000
202404,155,151,0,31868188000
202404,155,125,4,300000
202404,155,105,0,240398000
202404,155,133,4,4616000
202404,155,113,0,622319333000
202404,155,152,0,1204312173000
202404,155,129,0,2078270893000
202404,155,142,0,367987118000
202404,155,100,0,666212931000
202404,155,109,0,197948596000
202404,155,131,0,315231989000
202404,155,136,0,11596760000
202404,155,150,4,1607752000
202404,155,113,4,1450246000
202404,155,133,0,1119036000
202404,155,100,4,2546497000
202404,155,141,4,483062000
202404,155,134,4,3870761000
202404,155,122,0,2945021000
202404,155,112,4,614827000
202404,155,127,0,628180000
202404,155,107,0,2228242000
202404,155,148,4,3437915000
202404,155,106,4,300000
202404,155,129,4,5799888000
202405,155,111,4,100000
202405,155,120,4,399000
202405,155,138,4,35736000
202405,155,154,4,26580000
202405,155,146,4,1468000
202405,155,108,0,6200000
202405,155,122,4,780000
202405,155,145,4,5000000
202405,155,103,4,35713000
202405,155,123,4,1420000
202405,155,124,0,86700000
202405,155,144,0,32915244000
202405,155,130,0,30569707000
202405,155,151,0,35237865000
202405,155,109,0,238159033000
202405,155,115,4,3130000
202405,155,143,4,315142000
202405,155,107,4,7379000
202405,155,101,4,194964000
202405,155,126,4,453101000
202405,155,100,4,2469406000
202405,155,118,4,121399000
202405,155,145,0,140920000
202405,155,135,0,14380000
202405,155,159,0,1007265000
202405,155,142,4,650997000
202405,155,134,4,3578397000
202405,155,120,0,1084663000
202405,155,101,0,6373661000
202405,155,136,0,4263364000
202405,155,137,0,4094772000
202405,155,139,0,184650146000
202405,155,152,0,1139551385000
202405,155,136,4,3260000
202405,155,128,0,162605000
202405,155,127,0,310640000
202405,155,114,0,135451000
202405,155,158,0,714000
202405,155,105,0,56569000
202405,155,157,4,2070000
202405,155,161,0,160000
202405,155,140,4,6217000
202405,155,125,4,300000
202405,155,111,0,1422208000
202405,155,147,0,458049000
202405,155,140,0,1595453000
202405,155,133,4,4616000
202405,155,107,0,1946602000
202405,155,148,4,3052117000
202405,155,160,4,7279911000
202405,155,131,4,719705000
202405,155,117,0,338146000
202405,155,125,0,1958666000
202405,155,122,0,2168877000
202405,155,133,0,1034228000
202405,155,104,4,87053000
202405,155,156,4,23465000
202405,155,116,4,68974000
202405,155,110,4,518841000
202405,155,151,4,110782000
202405,155,102,4,110199000
202405,155,153,4,45395000
202405,155,132,4,130388000
202405,155,106,4,300000
202405,155,144,4,60858000
202405,155,130,4,44671000
202405,155,113,4,1484036000
202405,155,112,4,546544000
202405,155,139,4,416294000
202405,155,152,4,4964440000
202405,155,109,4,685696000
202405,155,149,4,4080345000
202405,155,141,4,494209000
202405,155,129,4,5448877000
202405,155,150,4,1561171000
202405,155,150,0,718478284000
202405,155,129,0,2002878345000
202405,155,146,0,3207230000
202405,155,142,0,362462724000
202405,155,132,0,118716214000
202405,155,149,0,1261902429000
202405,155,113,0,431262233000
202405,155,143,0,262724522000
202405,155,126,0,236826124000
202405,155,148,0,691938047000
202405,155,134,0,907843683000
202405,155,157,0,1749683000
202405,155,154,0,22853833000
202405,155,123,0,1557141000
202405,155,138,0,7954528000
202405,155,106,0,154591000
202405,155,116,0,8470413000
202405,155,103,0,35675851000
202405,155,153,0,22559901000
202405,155,141,0,224539697000
202405,155,156,0,10951312000
202405,155,115,0,2859437000
202405,155,104,0,241843627000
202405,155,160,0,1319560367000
202405,155,100,0,692805869000
202405,155,118,0,46486975000
202405,155,102,0,139906280000
202405,155,131,0,279371589000
202405,155,110,0,387333167000
202405,155,112,0,245896466000
202406,155,140,4,8203000
202406,155,138,4,25579000
202406,155,123,4,1000000
202406,155,133,4,4616000
202406,155,122,4,780000
202406,155,103,4,36753000
202406,155,154,4,25360000
202406,155,104,4,79223000
202406,155,130,4,40894000
202406,155,146,4,1480000
202406,155,151,4,87102000
202406,155,157,4,2070000
202406,155,107,4,7429000
202406,155,156,4,20590000
202406,155,118,4,180329000
202406,155,110,4,447343000
202406,155,141,4,435021000
202406,155,109,4,619719000
202406,155,143,4,322760000
202406,155,152,4,4605862000
202406,155,133,0,1019528000
202406,155,147,0,652477000
202406,155,157,0,4387273000
202406,155,111,0,3042570000
202406,155,101,4,136868000
202406,155,145,0,124998000
202406,155,160,4,6551800000
202406,155,149,4,3890825000
202406,155,137,0,3943538000
202406,155,128,0,90800000
202406,155,114,0,68431000
202406,155,106,4,100000
202406,155,135,0,411893000
202406,155,106,0,284706000
202406,155,121,0,200000
202406,155,125,0,2570659000
202406,155,156,0,14408706000
202406,155,144,0,42906114000
202406,155,118,0,85766054000
202406,155,110,0,207513393000
202406,155,123,0,2767917000
202406,155,104,0,378617815000
202406,155,126,0,203437966000
202406,155,102,0,123860132000
202406,155,100,0,535055957000
202406,155,113,0,427756977000
202406,155,150,0,719370339000
202406,155,142,0,427060862000
202406,155,139,0,191737815000
202406,155,131,0,299311207000
202406,155,130,0,73978911000
202406,155,143,0,254072206000
202406,155,101,0,6242590000
202406,155,146,0,4235699000
202406,155,112,0,239672744000
202406,155,149,0,1211936240000
202406,155,148,0,686491381000
202406,155,132,0,120812735000
202406,155,136,4,2660000
202406,155,111,4,100000
202406,155,153,0,27325506000
202406,155,160,0,1235866446000
202406,155,134,0,802686604000
202406,155,129,0,2082648025000
202406,155,109,0,287138368000
202406,155,151,0,49411225000
202406,155,154,0,22291709000
202406,155,141,0,180239477000
202406,155,138,0,8637049000
202406,155,103,0,86359435000
202406,155,116,0,8884584000
202406,155,152,0,1280757984000
202406,155,115,0,2815471000
202406,155,122,0,3386193000
202406,155,136,0,19013752000
202406,155,161,0,140000
202406,155,105,0,135352000
202406,155,125,4,300000
202406,155,115,4,15610000
202406,155,120,4,399000
202406,155,145,4,4250000
202406,155,134,4,3610428000
202406,155,148,4,2819386000
202406,155,150,4,1361919000
202406,155,131,4,664175000
202406,155,126,4,415742000
202406,155,116,4,63222000
202406,155,100,4,2152366000
202406,155,142,4,603983000
202406,155,102,4,175014000
202406,155,144,4,64871000
202406,155,153,4,45315000
202406,155,127,0,1601952000
202406,155,112,4,502586000
202406,155,159,0,568554000
202406,155,132,4,298926000
202406,155,139,4,566226000
202406,155,113,4,1535531000
202406,155,129,4,5129672000
202406,155,107,0,2053403000
202406,155,140,0,1114690000
202406,155,117,0,19748200000
202406,155,120,0,902318000
